1943
1 37
1 38
2 38
2 39
3 39
3 40
4 40
4 41
5 41
5 42
6 42
6 43
7 43
7 44
8 44
8 45
9 45
9 46
10 46
10 47
11 47
11 48
12 48
12 49
13 49
13 50
14 50
14 51
15 51
15 52
16 52
16 53
17 53
17 54
18 54
18 55
19 55
19 56
20 56
20 57
21 57
21 58
22 58
22 59
23 59
23 60
24 60
24 61
25 61
25 62
26 62
26 63
27 63
27 64
28 64
28 65
29 65
29 66
30 66
30 67
31 67
31 68
32 68
32 69
33 69
33 70
34 70
34 71
35 71
35 72
36 72
36 37
53 1024
53 1025
53 1026
53 1027
53 1028
53 1029
53 1030
53 1031
53 1032
53 1033
53 1034
53 1035
53 1036
53 1037
53 1038
53 1039
53 1040
53 1041
53 1042
53 1043
53 1044
53 1045
53 1046
53 1047
53 1048
53 1049
53 1050
53 1051
53 1052
53 1053
53 1054
53 1055
53 1056
53 1057
53 1058
57 922
57 923
57 924
57 925
57 926
57 927
57 928
57 929
57 930
57 931
57 932
57 933
57 934
57 935
57 936
57 937
57 938
57 939
57 940
57 941
57 942
57 943
57 944
57 945
57 946
57 947
57 948
57 949
57 950
57 951
57 952
57 953
57 954
57 955
57 956
69 854
69 855
69 856
69 857
69 858
69 859
69 860
69 861
69 862
69 863
69 864
69 865
69 866
69 867
69 868
69 869
69 870
69 871
69 872
69 873
69 874
69 875
69 876
69 877
69 878
69 879
69 880
69 881
69 882
69 883
69 884
69 885
69 886
69 887
69 888
73 75
73 76
74 76
74 75
75 276
75 277
75 278
75 279
75 280
75 281
75 282
75 283
75 284
75 285
75 286
75 287
75 288
75 289
75 290
75 291
75 292
75 293
75 294
75 295
75 296
75 297
75 298
75 299
75 300
75 301
75 302
75 303
75 304
75 305
75 306
75 307
75 308
75 309
75 310
77 106
77 107
77 108
77 109
77 110
77 111
77 112
77 113
77 114
77 115
77 116
77 117
77 118
77 119
77 120
77 121
77 122
77 123
77 124
77 125
77 126
77 127
77 128
77 129
77 130
77 131
77 132
77 133
77 134
77 135
77 136
77 137
77 138
77 139
77 140
78 140
78 141
78 142
78 143
78 144
78 145
78 146
78 147
78 148
78 149
78 150
78 151
78 152
78 153
78 154
78 155
78 156
78 157
78 158
78 159
78 160
78 161
78 162
78 163
78 164
78 165
78 166
78 167
78 168
78 169
78 170
78 171
78 172
78 173
78 174
79 174
79 175
79 176
79 177
79 178
79 179
79 180
79 181
79 182
79 183
79 184
79 185
79 186
79 187
79 188
79 189
79 190
79 191
79 192
79 193
79 194
79 195
79 196
79 197
79 198
79 199
79 200
79 201
79 202
79 203
79 204
79 205
79 206
79 207
79 208
80 208
80 209
80 210
80 211
80 212
80 213
80 214
80 215
80 216
80 217
80 218
80 219
80 220
80 221
80 222
80 223
80 224
80 225
80 226
80 227
80 228
80 229
80 230
80 231
80 232
80 233
80 234
80 235
80 236
80 237
80 238
80 239
80 240
80 241
80 242
81 242
81 243
81 244
81 245
81 246
81 247
81 248
81 249
81 250
81 251
81 252
81 253
81 254
81 255
81 256
81 257
81 258
81 259
81 260
81 261
81 262
81 263
81 264
81 265
81 266
81 267
81 268
81 269
81 270
81 271
81 272
81 273
81 274
81 275
81 276
82 310
82 311
82 312
82 313
82 314
82 315
82 316
82 317
82 318
82 319
82 320
82 321
82 322
82 323
82 324
82 325
82 326
82 327
82 328
82 329
82 330
82 331
82 332
82 333
82 334
82 335
82 336
82 337
82 338
82 339
82 340
82 341
82 342
82 343
82 344
83 344
83 345
83 346
83 347
83 348
83 349
83 350
83 351
83 352
83 353
83 354
83 355
83 356
83 357
83 358
83 359
83 360
83 361
83 362
83 363
83 364
83 365
83 366
83 367
83 368
83 369
83 370
83 371
83 372
83 373
83 374
83 375
83 376
83 377
83 378
84 378
84 379
84 380
84 381
84 382
84 383
84 384
84 385
84 386
84 387
84 388
84 389
84 390
84 391
84 392
84 393
84 394
84 395
84 396
84 397
84 398
84 399
84 400
84 401
84 402
84 403
84 404
84 405
84 406
84 407
84 408
84 409
84 410
84 411
84 412
85 412
85 413
85 414
85 415
85 416
85 417
85 418
85 419
85 420
85 421
85 422
85 423
85 424
85 425
85 426
85 427
85 428
85 429
85 430
85 431
85 432
85 433
85 434
85 435
85 436
85 437
85 438
85 439
85 440
85 441
85 442
85 443
85 444
85 445
85 446
86 446
86 447
86 448
86 449
86 450
86 451
86 452
86 453
86 454
86 455
86 456
86 457
86 458
86 459
86 460
86 461
86 462
86 463
86 464
86 465
86 466
86 467
86 468
86 469
86 470
86 471
86 472
86 473
86 474
86 475
86 476
86 477
86 478
86 479
86 480
87 480
87 481
87 482
87 483
87 484
87 485
87 486
87 487
87 488
87 489
87 490
87 491
87 492
87 493
87 494
87 495
87 496
87 497
87 498
87 499
87 500
87 501
87 502
87 503
87 504
87 505
87 506
87 507
87 508
87 509
87 510
87 511
87 512
87 513
87 514
88 514
88 515
88 516
88 517
88 518
88 519
88 520
88 521
88 522
88 523
88 524
88 525
88 526
88 527
88 528
88 529
88 530
88 531
88 532
88 533
88 534
88 535
88 536
88 537
88 538
88 539
88 540
88 541
88 542
88 543
88 544
88 545
88 546
88 547
88 548
89 548
89 549
89 550
89 551
89 552
89 553
89 554
89 555
89 556
89 557
89 558
89 559
89 560
89 561
89 562
89 563
89 564
89 565
89 566
89 567
89 568
89 569
89 570
89 571
89 572
89 573
89 574
89 575
89 576
89 577
89 578
89 579
89 580
89 581
89 582
90 582
90 583
90 584
90 585
90 586
90 587
90 588
90 589
90 590
90 591
90 592
90 593
90 594
90 595
90 596
90 597
90 598
90 599
90 600
90 601
90 602
90 603
90 604
90 605
90 606
90 607
90 608
90 609
90 610
90 611
90 612
90 613
90 614
90 615
90 616
91 616
91 617
91 618
91 619
91 620
91 621
91 622
91 623
91 624
91 625
91 626
91 627
91 628
91 629
91 630
91 631
91 632
91 633
91 634
91 635
91 636
91 637
91 638
91 639
91 640
91 641
91 642
91 643
91 644
91 645
91 646
91 647
91 648
91 649
91 650
92 650
92 651
92 652
92 653
92 654
92 655
92 656
92 657
92 658
92 659
92 660
92 661
92 662
92 663
92 664
92 665
92 666
92 667
92 668
92 669
92 670
92 671
92 672
92 673
92 674
92 675
92 676
92 677
92 678
92 679
92 680
92 681
92 682
92 683
92 684
93 684
93 685
93 686
93 687
93 688
93 689
93 690
93 691
93 692
93 693
93 694
93 695
93 696
93 697
93 698
93 699
93 700
93 701
93 702
93 703
93 704
93 705
93 706
93 707
93 708
93 709
93 710
93 711
93 712
93 713
93 714
93 715
93 716
93 717
93 718
94 718
94 719
94 720
94 721
94 722
94 723
94 724
94 725
94 726
94 727
94 728
94 729
94 730
94 731
94 732
94 733
94 734
94 735
94 736
94 737
94 738
94 739
94 740
94 741
94 742
94 743
94 744
94 745
94 746
94 747
94 748
94 749
94 750
94 751
94 752
95 752
95 753
95 754
95 755
95 756
95 757
95 758
95 759
95 760
95 761
95 762
95 763
95 764
95 765
95 766
95 767
95 768
95 769
95 770
95 771
95 772
95 773
95 774
95 775
95 776
95 777
95 778
95 779
95 780
95 781
95 782
95 783
95 784
95 785
95 786
96 786
96 787
96 788
96 789
96 790
96 791
96 792
96 793
96 794
96 795
96 796
96 797
96 798
96 799
96 800
96 801
96 802
96 803
96 804
96 805
96 806
96 807
96 808
96 809
96 810
96 811
96 812
96 813
96 814
96 815
96 816
96 817
96 818
96 819
96 820
97 820
97 821
97 822
97 823
97 824
97 825
97 826
97 827
97 828
97 829
97 830
97 831
97 832
97 833
97 834
97 835
97 836
97 837
97 838
97 839
97 840
97 841
97 842
97 843
97 844
97 845
97 846
97 847
97 848
97 849
97 850
97 851
97 852
97 853
97 854
98 888
98 889
98 890
98 891
98 892
98 893
98 894
98 895
98 896
98 897
98 898
98 899
98 900
98 901
98 902
98 903
98 904
98 905
98 906
98 907
98 908
98 909
98 910
98 911
98 912
98 913
98 914
98 915
98 916
98 917
98 918
98 919
98 920
98 921
98 922
99 956
99 957
99 958
99 959
99 960
99 961
99 962
99 963
99 964
99 965
99 966
99 967
99 968
99 969
99 970
99 971
99 972
99 973
99 974
99 975
99 976
99 977
99 978
99 979
99 980
99 981
99 982
99 983
99 984
99 985
99 986
99 987
99 988
99 989
99 990
100 990
100 991
100 992
100 993
100 994
100 995
100 996
100 997
100 998
100 999
100 1000
100 1001
100 1002
100 1003
100 1004
100 1005
100 1006
100 1007
100 1008
100 1009
100 1010
100 1011
100 1012
100 1013
100 1014
100 1015
100 1016
100 1017
100 1018
100 1019
100 1020
100 1021
100 1022
100 1023
100 1024
101 1058
101 1059
101 1060
101 1061
101 1062
101 1063
101 1064
101 1065
101 1066
101 1067
101 1068
101 1069
101 1070
101 1071
101 1072
101 1073
101 1074
101 1075
101 1076
101 1077
101 1078
101 1079
101 1080
101 1081
101 1082
101 1083
101 1084
101 1085
101 1086
101 1087
101 1088
101 1089
101 1090
101 1091
101 1092
102 1092
102 1093
102 1094
102 1095
102 1096
102 1097
102 1098
102 1099
102 1100
102 1101
102 1102
102 1103
102 1104
102 1105
102 1106
102 1107
102 1108
102 1109
102 1110
102 1111
102 1112
102 1113
102 1114
102 1115
102 1116
102 1117
102 1118
102 1119
102 1120
102 1121
102 1122
102 1123
102 1124
102 1125
102 1126
103 1126
103 1127
103 1128
103 1129
103 1130
103 1131
103 1132
103 1133
103 1134
103 1135
103 1136
103 1137
103 1138
103 1139
103 1140
103 1141
103 1142
103 1143
103 1144
103 1145
103 1146
103 1147
103 1148
103 1149
103 1150
103 1151
103 1152
103 1153
103 1154
103 1155
103 1156
103 1157
103 1158
103 1159
103 1160
104 1160
104 1161
104 1162
104 1163
104 1164
104 1165
104 1166
104 1167
104 1168
104 1169
104 1170
104 1171
104 1172
104 1173
104 1174
104 1175
104 1176
104 1177
104 1178
104 1179
104 1180
104 1181
104 1182
104 1183
104 1184
104 1185
104 1186
104 1187
104 1188
104 1189
104 1190
104 1191
104 1192
104 1193
104 1194
105 1194
105 1195
105 1196
105 1197
105 1198
105 1199
105 1200
105 1201
105 1202
105 1203
105 1204
105 1205
105 1206
105 1207
105 1208
105 1209
105 1210
105 1211
105 1212
105 1213
105 1214
105 1215
105 1216
105 1217
105 1218
105 1219
105 1220
105 1221
105 1222
105 1223
105 1224
105 1225
105 1226
105 1227
105 1228
151 1942
151 1943
453 1811
453 1812
453 1813
453 1814
453 1815
453 1816
453 1817
453 1818
453 1819
453 1820
453 1821
453 1822
453 1823
453 1824
453 1825
453 1826
453 1827
453 1828
453 1829
453 1830
453 1831
453 1832
453 1833
453 1834
453 1835
453 1836
680 1361
680 1362
680 1363
680 1364
680 1365
680 1366
680 1367
680 1368
680 1369
680 1370
680 1371
680 1372
680 1373
680 1374
680 1375
680 1376
680 1377
680 1378
680 1379
680 1380
680 1381
680 1382
680 1383
680 1384
680 1385
680 1386
771 1486
771 1487
771 1488
771 1489
771 1490
771 1491
771 1492
771 1493
771 1494
771 1495
771 1496
771 1497
771 1498
771 1499
771 1500
771 1501
771 1502
771 1503
771 1504
771 1505
771 1506
771 1507
771 1508
771 1509
771 1510
771 1511
810 1536
810 1537
810 1538
810 1539
810 1540
810 1541
810 1542
810 1543
810 1544
810 1545
810 1546
810 1547
810 1548
810 1549
810 1550
810 1551
810 1552
810 1553
810 1554
810 1555
810 1556
810 1557
810 1558
810 1559
810 1560
810 1561
1058 1736
1058 1737
1058 1738
1058 1739
1058 1740
1058 1741
1058 1742
1058 1743
1058 1744
1058 1745
1058 1746
1058 1747
1058 1748
1058 1749
1058 1750
1058 1751
1058 1752
1058 1753
1058 1754
1058 1755
1058 1756
1058 1757
1058 1758
1058 1759
1058 1760
1058 1761
1229 1236
1229 1237
1229 1238
1229 1239
1229 1240
1229 1241
1229 1242
1230 1242
1230 1243
1230 1244
1230 1245
1230 1246
1230 1247
1230 1248
1231 1248
1231 1249
1231 1250
1231 1251
1231 1252
1231 1253
1231 1254
1232 1254
1232 1255
1232 1256
1232 1257
1232 1258
1232 1259
1232 1260
1233 1260
1233 1261
1233 1262
1233 1263
1233 1264
1233 1265
1233 1266
1234 1266
1234 1267
1234 1268
1234 1269
1234 1270
1234 1271
1234 1272
1235 1272
1235 1273
1235 1274
1235 1275
1235 1276
1235 1277
1235 1278
1236 1586
1236 1587
1236 1588
1236 1589
1236 1590
1236 1591
1236 1592
1236 1593
1236 1594
1236 1595
1236 1596
1236 1597
1236 1598
1236 1599
1236 1600
1236 1601
1236 1602
1236 1603
1236 1604
1236 1605
1236 1606
1236 1607
1236 1608
1236 1609
1236 1610
1236 1611
1240 1561
1240 1562
1240 1563
1240 1564
1240 1565
1240 1566
1240 1567
1240 1568
1240 1569
1240 1570
1240 1571
1240 1572
1240 1573
1240 1574
1240 1575
1240 1576
1240 1577
1240 1578
1240 1579
1240 1580
1240 1581
1240 1582
1240 1583
1240 1584
1240 1585
1240 1586
1250 1315
1250 1316
1250 1317
1250 1318
1252 1636
1252 1637
1252 1638
1252 1639
1252 1640
1252 1641
1252 1642
1252 1643
1252 1644
1252 1645
1252 1646
1252 1647
1252 1648
1252 1649
1252 1650
1252 1651
1252 1652
1252 1653
1252 1654
1252 1655
1252 1656
1252 1657
1252 1658
1252 1659
1252 1660
1252 1661
1276 1386
1276 1387
1276 1388
1276 1389
1276 1390
1276 1391
1276 1392
1276 1393
1276 1394
1276 1395
1276 1396
1276 1397
1276 1398
1276 1399
1276 1400
1276 1401
1276 1402
1276 1403
1276 1404
1276 1405
1276 1406
1276 1407
1276 1408
1276 1409
1276 1410
1276 1411
1279 1306
1279 1307
1279 1308
1279 1309
1281 1861
1281 1862
1281 1863
1281 1864
1281 1865
1281 1866
1281 1867
1281 1868
1281 1869
1281 1870
1281 1871
1281 1872
1281 1873
1281 1874
1281 1875
1281 1876
1281 1877
1281 1878
1281 1879
1281 1880
1281 1881
1281 1882
1281 1883
1281 1884
1281 1885
1281 1886
1291 1786
1291 1787
1291 1788
1291 1789
1291 1790
1291 1791
1291 1792
1291 1793
1291 1794
1291 1795
1291 1796
1291 1797
1291 1798
1291 1799
1291 1800
1291 1801
1291 1802
1291 1803
1291 1804
1291 1805
1291 1806
1291 1807
1291 1808
1291 1809
1291 1810
1291 1811
1292 1336
1292 1337
1292 1338
1292 1339
1292 1340
1292 1341
1292 1342
1292 1343
1292 1344
1292 1345
1292 1346
1292 1347
1292 1348
1292 1349
1292 1350
1292 1351
1292 1352
1292 1353
1292 1354
1292 1355
1292 1356
1292 1357
1292 1358
1292 1359
1292 1360
1292 1361
1297 1611
1297 1612
1297 1613
1297 1614
1297 1615
1297 1616
1297 1617
1297 1618
1297 1619
1297 1620
1297 1621
1297 1622
1297 1623
1297 1624
1297 1625
1297 1626
1297 1627
1297 1628
1297 1629
1297 1630
1297 1631
1297 1632
1297 1633
1297 1634
1297 1635
1297 1636
1299 1411
1299 1412
1299 1413
1299 1414
1299 1415
1299 1416
1299 1417
1299 1418
1299 1419
1299 1420
1299 1421
1299 1422
1299 1423
1299 1424
1299 1425
1299 1426
1299 1427
1299 1428
1299 1429
1299 1430
1299 1431
1299 1432
1299 1433
1299 1434
1299 1435
1299 1436
1304 1309
1304 1310
1304 1311
1304 1312
1305 1312
1305 1313
1305 1314
1305 1315
1326 1511
1326 1512
1326 1513
1326 1514
1326 1515
1326 1516
1326 1517
1326 1518
1326 1519
1326 1520
1326 1521
1326 1522
1326 1523
1326 1524
1326 1525
1326 1526
1326 1527
1326 1528
1326 1529
1326 1530
1326 1531
1326 1532
1326 1533
1326 1534
1326 1535
1326 1536
1327 1436
1327 1437
1327 1438
1327 1439
1327 1440
1327 1441
1327 1442
1327 1443
1327 1444
1327 1445
1327 1446
1327 1447
1327 1448
1327 1449
1327 1450
1327 1451
1327 1452
1327 1453
1327 1454
1327 1455
1327 1456
1327 1457
1327 1458
1327 1459
1327 1460
1327 1461
1328 1461
1328 1462
1328 1463
1328 1464
1328 1465
1328 1466
1328 1467
1328 1468
1328 1469
1328 1470
1328 1471
1328 1472
1328 1473
1328 1474
1328 1475
1328 1476
1328 1477
1328 1478
1328 1479
1328 1480
1328 1481
1328 1482
1328 1483
1328 1484
1328 1485
1328 1486
1329 1661
1329 1662
1329 1663
1329 1664
1329 1665
1329 1666
1329 1667
1329 1668
1329 1669
1329 1670
1329 1671
1329 1672
1329 1673
1329 1674
1329 1675
1329 1676
1329 1677
1329 1678
1329 1679
1329 1680
1329 1681
1329 1682
1329 1683
1329 1684
1329 1685
1329 1686
1330 1686
1330 1687
1330 1688
1330 1689
1330 1690
1330 1691
1330 1692
1330 1693
1330 1694
1330 1695
1330 1696
1330 1697
1330 1698
1330 1699
1330 1700
1330 1701
1330 1702
1330 1703
1330 1704
1330 1705
1330 1706
1330 1707
1330 1708
1330 1709
1330 1710
1330 1711
1331 1711
1331 1712
1331 1713
1331 1714
1331 1715
1331 1716
1331 1717
1331 1718
1331 1719
1331 1720
1331 1721
1331 1722
1331 1723
1331 1724
1331 1725
1331 1726
1331 1727
1331 1728
1331 1729
1331 1730
1331 1731
1331 1732
1331 1733
1331 1734
1331 1735
1331 1736
1332 1761
1332 1762
1332 1763
1332 1764
1332 1765
1332 1766
1332 1767
1332 1768
1332 1769
1332 1770
1332 1771
1332 1772
1332 1773
1332 1774
1332 1775
1332 1776
1332 1777
1332 1778
1332 1779
1332 1780
1332 1781
1332 1782
1332 1783
1332 1784
1332 1785
1332 1786
1333 1836
1333 1837
1333 1838
1333 1839
1333 1840
1333 1841
1333 1842
1333 1843
1333 1844
1333 1845
1333 1846
1333 1847
1333 1848
1333 1849
1333 1850
1333 1851
1333 1852
1333 1853
1333 1854
1333 1855
1333 1856
1333 1857
1333 1858
1333 1859
1333 1860
1333 1861
1334 1886
1334 1887
1334 1888
1334 1889
1334 1890
1334 1891
1334 1892
1334 1893
1334 1894
1334 1895
1334 1896
1334 1897
1334 1898
1334 1899
1334 1900
1334 1901
1334 1902
1334 1903
1334 1904
1334 1905
1334 1906
1334 1907
1334 1908
1334 1909
1334 1910
1334 1911
1335 1911
1335 1912
1335 1913
1335 1914
1335 1915
1335 1916
1335 1917
1335 1918
1335 1919
1335 1920
1335 1921
1335 1922
1335 1923
1335 1924
1335 1925
1335 1926
1335 1927
1335 1928
1335 1929
1335 1930
1335 1931
1335 1932
1335 1933
1335 1934
1335 1935
1335 1936
1459 1937
1459 1938
1937 1940
1937 1941
1939 1941
