821
1 2
1 3
2 22
2 23
3 450
3 451
4 17
4 18
5 18
5 19
6 19
6 20
7 20
7 21
8 21
8 22
9 23
9 24
10 24
10 25
11 25
11 26
12 26
12 27
13 27
13 28
14 28
14 29
15 29
15 30
16 30
16 17
17 526
17 527
19 564
19 565
20 674
20 675
21 459
21 460
22 548
22 549
23 31
23 32
26 649
26 650
27 397
27 398
28 492
28 493
29 35
29 36
30 696
30 697
31 472
31 473
33 36
33 37
34 37
36 721
36 722
38 389
38 390
39 390
39 391
40 391
40 392
41 392
41 393
42 393
42 394
43 394
43 395
44 395
44 396
45 396
45 397
46 398
46 399
47 399
47 400
48 400
48 401
49 401
49 402
50 402
50 403
51 403
51 404
52 404
52 405
53 405
53 406
54 406
54 407
55 407
55 408
56 408
56 409
57 409
57 410
58 410
58 411
59 411
59 412
60 412
60 413
61 413
61 414
62 414
62 415
63 415
63 416
64 416
64 417
65 417
65 418
66 418
66 419
67 419
67 420
68 420
68 421
69 421
69 422
70 422
70 423
71 423
71 424
72 424
72 425
73 425
73 426
74 426
74 427
75 427
75 428
76 428
76 429
77 429
77 430
78 430
78 431
79 431
79 432
80 432
80 433
81 433
81 434
82 434
82 435
83 435
83 436
84 436
84 437
85 437
85 438
86 438
86 439
87 439
87 440
88 440
88 441
89 441
89 442
90 442
90 443
91 443
91 444
92 444
92 445
93 445
93 446
94 446
94 447
95 447
95 448
96 448
96 449
97 449
97 450
98 451
98 452
99 452
99 453
100 453
100 454
101 454
101 455
102 455
102 456
103 456
103 457
104 457
104 458
105 458
105 459
106 460
106 461
107 461
107 462
108 462
108 463
109 463
109 464
110 464
110 465
111 465
111 466
112 466
112 467
113 467
113 468
114 468
114 469
115 469
115 470
116 470
116 471
117 471
117 472
118 473
118 474
119 474
119 475
120 475
120 476
121 476
121 477
122 477
122 478
123 478
123 479
124 479
124 480
125 480
125 481
126 481
126 482
127 482
127 483
128 483
128 484
129 484
129 485
130 485
130 486
131 486
131 487
132 487
132 488
133 488
133 489
134 489
134 490
135 490
135 491
136 491
136 492
137 493
137 494
138 494
138 495
139 495
139 496
140 496
140 497
141 497
141 498
142 498
142 499
143 499
143 500
144 500
144 501
145 501
145 502
146 502
146 503
147 503
147 504
148 504
148 505
149 505
149 506
150 506
150 507
151 507
151 508
152 508
152 509
153 509
153 510
154 510
154 511
155 511
155 512
156 512
156 513
157 513
157 514
158 514
158 515
159 515
159 516
160 516
160 517
161 517
161 518
162 518
162 519
163 519
163 520
164 520
164 521
165 521
165 522
166 522
166 523
167 523
167 524
168 524
168 525
169 525
169 526
170 527
170 528
171 528
171 529
172 529
172 530
173 530
173 531
174 531
174 532
175 532
175 533
176 533
176 534
177 534
177 535
178 535
178 536
179 536
179 537
180 537
180 538
181 538
181 539
182 539
182 540
183 540
183 541
184 541
184 542
185 542
185 543
186 543
186 544
187 544
187 545
188 545
188 546
189 546
189 547
190 547
190 548
191 549
191 550
192 550
192 551
193 551
193 552
194 552
194 553
195 553
195 554
196 554
196 555
197 555
197 556
198 556
198 557
199 557
199 558
200 558
200 559
201 559
201 560
202 560
202 561
203 561
203 562
204 562
204 563
205 563
205 564
206 565
206 566
207 566
207 567
208 567
208 568
209 568
209 569
210 569
210 570
211 570
211 571
212 571
212 572
213 572
213 573
214 573
214 574
215 574
215 575
216 575
216 576
217 576
217 577
218 577
218 578
219 578
219 579
220 579
220 580
221 580
221 581
222 581
222 582
223 582
223 583
224 583
224 584
225 584
225 585
226 585
226 586
227 586
227 587
228 587
228 588
229 588
229 589
230 589
230 590
231 590
231 591
232 591
232 592
233 592
233 593
234 593
234 594
235 594
235 595
236 595
236 596
237 596
237 597
238 597
238 598
239 598
239 599
240 599
240 600
241 600
241 601
242 601
242 602
243 602
243 603
244 603
244 604
245 604
245 605
246 605
246 606
247 606
247 607
248 607
248 608
249 608
249 609
250 609
250 610
251 610
251 611
252 611
252 612
253 612
253 613
254 613
254 614
255 614
255 615
256 615
256 616
257 616
257 617
258 617
258 618
259 618
259 619
260 619
260 620
261 620
261 621
262 621
262 622
263 622
263 623
264 623
264 624
265 624
265 625
266 625
266 626
267 626
267 627
268 627
268 628
269 628
269 629
270 629
270 630
271 630
271 631
272 631
272 632
273 632
273 633
274 633
274 634
275 634
275 635
276 635
276 636
277 636
277 637
278 637
278 638
279 638
279 639
280 639
280 640
281 640
281 641
282 641
282 642
283 642
283 643
284 643
284 644
285 644
285 645
286 645
286 646
287 646
287 647
288 647
288 648
289 648
289 649
290 650
290 651
291 651
291 652
292 652
292 653
293 653
293 654
294 654
294 655
295 655
295 656
296 656
296 657
297 657
297 658
298 658
298 659
299 659
299 660
300 660
300 661
301 661
301 662
302 662
302 663
303 663
303 664
304 664
304 665
305 665
305 666
306 666
306 667
307 667
307 668
308 668
308 669
309 669
309 670
310 670
310 671
311 671
311 672
312 672
312 673
313 673
313 674
314 675
314 676
315 676
315 677
316 677
316 678
317 678
317 679
318 679
318 680
319 680
319 681
320 681
320 682
321 682
321 683
322 683
322 684
323 684
323 685
324 685
324 686
325 686
325 687
326 687
326 688
327 688
327 689
328 689
328 690
329 690
329 691
330 691
330 692
331 692
331 693
332 693
332 694
333 694
333 695
334 695
334 696
335 697
335 698
336 698
336 699
337 699
337 700
338 700
338 701
339 701
339 702
340 702
340 703
341 703
341 704
342 704
342 705
343 705
343 706
344 706
344 707
345 707
345 708
346 708
346 709
347 709
347 710
348 710
348 711
349 711
349 712
350 712
350 713
351 713
351 714
352 714
352 715
353 715
353 716
354 716
354 717
355 717
355 718
356 718
356 719
357 719
357 720
358 720
358 721
359 722
359 723
360 723
360 724
361 724
361 725
362 725
362 726
363 726
363 727
364 727
364 728
365 728
365 729
366 729
366 730
367 730
367 731
368 731
368 732
369 732
369 733
370 733
370 734
371 734
371 735
372 735
372 736
373 736
373 737
374 737
374 738
375 738
375 739
376 739
376 740
377 740
377 741
378 741
378 742
379 742
379 743
380 743
380 744
381 744
381 745
382 745
382 746
383 746
383 747
384 747
384 748
385 748
385 749
386 749
386 750
387 750
387 751
388 751
517 764
517 765
517 766
517 767
517 768
517 769
517 770
517 771
523 799
523 800
523 801
523 802
523 803
523 804
523 805
523 806
670 820
670 821
747 806
747 807
747 808
747 809
747 810
747 811
747 812
747 813
752 757
752 758
752 759
752 760
752 761
752 762
752 763
752 764
753 771
753 772
753 773
753 774
753 775
753 776
753 777
753 778
754 778
754 779
754 780
754 781
754 782
754 783
754 784
754 785
755 785
755 786
755 787
755 788
755 789
755 790
755 791
755 792
756 792
756 793
756 794
756 795
756 796
756 797
756 798
756 799
819 821
