793
2 13
2 14
3 1
4 1
4 2
5 2
8 15
8 12
9 12
9 13
10 14
10 15
13 17
13 18
16 18
16 17
17 264
19 27
19 28
19 29
19 30
19 31
19 32
19 33
19 34
20 34
20 35
20 36
20 37
20 38
20 39
20 40
20 41
21 41
21 42
21 43
21 44
21 45
21 46
21 47
21 48
22 48
22 49
22 50
22 51
22 52
22 53
22 54
22 55
23 55
23 56
23 57
23 58
23 59
23 60
23 61
23 62
24 62
24 63
24 64
24 65
24 66
24 67
24 68
24 69
25 69
25 70
25 71
25 72
25 73
25 74
25 75
25 76
26 76
26 77
26 78
26 79
26 80
26 81
26 82
26 83
27 261
28 265
29 265
30 458
31 263
32 262
34 261
36 264
37 178
37 179
37 180
37 181
37 182
37 183
37 184
37 185
37 186
37 187
37 188
37 189
37 190
37 191
37 192
37 193
37 194
37 195
37 196
37 197
41 265
44 197
44 198
44 199
44 200
44 201
44 202
44 203
44 204
44 205
44 206
44 207
44 208
44 209
44 210
44 211
44 212
44 213
44 214
44 215
44 216
47 258
48 259
48 260
50 264
51 260
52 265
54 216
54 217
54 218
54 219
54 220
54 221
54 222
54 223
54 224
54 225
54 226
54 227
54 228
54 229
54 230
54 231
54 232
54 233
54 234
54 235
55 265
56 263
58 258
59 259
61 260
63 173
64 260
65 360
65 361
66 264
68 259
69 261
71 258
75 264
76 406
76 407
76 408
76 409
76 410
76 411
76 412
76 413
78 264
79 350
79 351
81 261
83 262
84 263
85 261
86 265
87 262
88 263
89 259
90 260
92 263
94 748
94 749
94 750
94 751
94 752
94 753
94 754
94 755
94 756
94 757
94 758
94 759
94 760
94 761
94 762
94 763
94 764
96 262
99 259
100 261
101 258
102 477
102 478
103 356
103 357
106 260
107 262
108 261
109 261
110 258
112 259
113 260
114 263
115 261
119 263
120 258
121 264
122 357
122 358
123 263
126 351
126 352
127 364
127 365
128 265
129 258
130 171
130 172
134 258
135 258
135 259
137 264
138 263
139 260
141 471
141 472
145 378
145 379
145 380
145 381
145 382
145 383
145 384
145 385
146 259
149 262
151 769
151 770
151 771
151 772
152 258
153 265
156 392
156 393
156 394
156 395
156 396
156 397
156 398
156 399
157 265
158 262
163 264
166 261
167 265
168 264
169 264
170 264
170 265
171 265
172 420
172 421
172 422
172 423
172 424
172 425
172 426
172 427
174 173
175 173
176 173
177 235
177 236
177 237
177 238
177 239
177 240
177 241
177 242
177 243
177 244
177 245
177 246
177 247
177 248
177 249
177 250
177 251
177 252
177 253
177 254
178 262
179 263
181 258
182 263
184 399
184 400
184 401
184 402
184 403
184 404
184 405
184 406
186 261
188 265
190 259
191 262
192 349
192 350
193 265
194 264
195 261
199 456
199 457
201 355
201 356
202 354
202 355
205 260
207 470
207 471
208 260
213 259
218 476
218 477
219 264
220 259
223 258
224 261
225 256
225 257
228 262
231 265
233 265
234 259
235 262
236 258
237 255
237 256
238 352
238 353
245 259
247 472
247 473
248 260
252 263
254 259
257 264
264 359
264 360
266 258
267 258
268 258
269 258
270 258
271 258
272 258
273 258
274 258
275 258
276 259
277 259
278 259
279 259
280 259
281 259
282 259
283 259
284 259
285 260
286 260
287 260
288 260
289 260
290 260
291 260
292 260
293 260
294 260
295 260
296 260
296 261
297 261
298 261
299 261
300 261
301 261
302 261
303 261
304 261
305 261
305 262
306 262
307 262
308 262
309 262
310 262
311 262
312 262
313 262
314 262
315 262
316 262
316 263
317 263
318 263
319 263
320 263
321 263
322 263
323 263
324 263
325 263
326 263
326 264
327 264
328 264
329 264
330 264
331 264
332 264
333 264
334 265
335 265
336 265
337 265
338 265
339 265
340 265
341 353
341 354
342 358
342 359
343 361
343 362
344 362
344 363
345 363
345 364
346 365
346 366
347 366
347 367
348 367
358 467
358 468
362 508
362 509
362 510
362 511
362 512
362 513
362 514
362 515
362 516
362 517
362 518
362 519
362 520
362 521
362 522
362 523
362 524
368 371
368 372
368 373
368 374
368 375
368 376
368 377
368 378
369 385
369 386
369 387
369 388
369 389
369 390
369 391
369 392
370 413
370 414
370 415
370 416
370 417
370 418
370 419
370 420
387 466
387 467
392 465
392 466
394 464
394 465
403 604
403 605
403 606
403 607
403 608
403 609
403 610
403 611
403 612
403 613
403 614
403 615
403 616
403 617
403 618
403 619
403 620
405 457
405 458
439 474
439 475
447 684
447 685
447 686
447 687
447 688
447 689
447 690
447 691
447 692
447 693
447 694
447 695
447 696
447 697
447 698
447 699
447 700
459 468
459 469
460 469
460 470
461 473
461 474
462 475
462 476
463 478
463 464
479 492
479 493
479 494
479 495
479 496
479 497
479 498
479 499
479 500
479 501
479 502
479 503
479 504
479 505
479 506
479 507
479 508
480 524
480 525
480 526
480 527
480 528
480 529
480 530
480 531
480 532
480 533
480 534
480 535
480 536
480 537
480 538
480 539
480 540
481 540
481 541
481 542
481 543
481 544
481 545
481 546
481 547
481 548
481 549
481 550
481 551
481 552
481 553
481 554
481 555
481 556
482 556
482 557
482 558
482 559
482 560
482 561
482 562
482 563
482 564
482 565
482 566
482 567
482 568
482 569
482 570
482 571
482 572
483 572
483 573
483 574
483 575
483 576
483 577
483 578
483 579
483 580
483 581
483 582
483 583
483 584
483 585
483 586
483 587
483 588
484 588
484 589
484 590
484 591
484 592
484 593
484 594
484 595
484 596
484 597
484 598
484 599
484 600
484 601
484 602
484 603
484 604
485 620
485 621
485 622
485 623
485 624
485 625
485 626
485 627
485 628
485 629
485 630
485 631
485 632
485 633
485 634
485 635
485 636
486 636
486 637
486 638
486 639
486 640
486 641
486 642
486 643
486 644
486 645
486 646
486 647
486 648
486 649
486 650
486 651
486 652
487 652
487 653
487 654
487 655
487 656
487 657
487 658
487 659
487 660
487 661
487 662
487 663
487 664
487 665
487 666
487 667
487 668
488 668
488 669
488 670
488 671
488 672
488 673
488 674
488 675
488 676
488 677
488 678
488 679
488 680
488 681
488 682
488 683
488 684
489 700
489 701
489 702
489 703
489 704
489 705
489 706
489 707
489 708
489 709
489 710
489 711
489 712
489 713
489 714
489 715
489 716
490 716
490 717
490 718
490 719
490 720
490 721
490 722
490 723
490 724
490 725
490 726
490 727
490 728
490 729
490 730
490 731
490 732
491 732
491 733
491 734
491 735
491 736
491 737
491 738
491 739
491 740
491 741
491 742
491 743
491 744
491 745
491 746
491 747
491 748
613 792
613 793
650 775
650 776
650 777
650 778
684 772
684 773
684 774
684 775
765 766
765 767
765 768
765 769
791 793
