113
1 9
1 10
2 10
2 11
3 11
3 12
4 12
4 13
5 13
5 14
6 14
6 15
7 15
7 16
8 16
8 9
9 76
9 77
10 44
10 45
11 59
11 60
12 49
12 50
13 83
13 75
14 53
14 54
15 18
15 19
17 19
17 18
18 46
18 47
20 43
20 44
21 45
21 46
22 47
22 48
23 48
23 49
24 50
24 51
25 51
25 52
26 52
26 53
27 54
27 55
28 55
28 56
29 56
29 57
30 57
30 58
31 58
31 59
32 60
32 61
33 61
33 62
34 62
34 63
35 63
35 64
36 64
36 65
37 65
37 66
38 66
38 67
39 67
39 68
40 68
40 69
41 69
41 70
42 70
44 79
44 80
46 90
49 84
49 85
50 75
50 76
52 77
52 78
55 92
64 90
64 91
65 90
68 89
69 103
71 78
71 79
72 80
72 81
73 81
73 82
74 82
74 83
80 92
81 92
84 87
84 88
86 88
86 87
93 89
94 89
95 89
95 90
96 91
97 91
98 91
98 92
102 106
102 107
102 108
102 109
104 102
105 102
105 103
106 112
107 110
111 110
113 112
