305
1 20
1 21
2 21
2 22
3 22
3 23
4 23
4 24
5 24
5 25
6 25
6 26
7 26
7 27
8 27
8 28
9 28
9 29
10 29
10 30
11 30
11 31
12 31
12 32
13 32
13 33
14 33
14 34
15 34
15 35
16 35
16 36
17 36
17 37
18 37
18 38
19 38
19 20
22 259
22 260
23 227
23 228
27 260
27 261
28 204
28 205
29 264
29 265
31 190
31 191
33 195
33 196
35 209
35 210
36 213
36 214
37 242
37 243
39 45
39 46
40 46
40 47
41 47
41 48
42 48
42 49
43 49
43 50
44 50
44 45
45 52
45 53
46 230
46 231
47 231
47 232
48 191
48 192
49 240
49 241
50 59
51 53
51 52
52 251
52 252
54 56
54 57
55 57
55 58
56 257
56 258
57 203
57 204
60 200
60 201
61 59
61 60
62 60
63 279
63 280
65 163
65 164
67 299
67 300
68 162
68 163
69 164
69 165
70 165
70 166
71 166
71 167
72 167
72 168
73 168
73 169
74 169
74 170
75 170
75 171
76 171
76 172
77 172
77 173
78 173
78 174
79 174
79 175
80 175
80 176
81 176
81 177
82 177
82 178
83 178
83 179
84 179
84 180
85 180
85 181
86 181
86 182
87 182
87 183
88 183
88 184
89 184
89 185
90 185
90 186
91 186
91 187
92 187
92 188
93 188
93 189
94 189
94 190
95 192
95 193
96 193
96 194
97 194
97 195
98 196
98 197
99 197
99 198
100 198
100 199
101 199
101 200
102 201
102 202
103 202
103 203
104 205
104 206
105 206
105 207
106 207
106 208
107 208
107 209
108 210
108 211
109 211
109 212
110 212
110 213
111 214
111 215
112 215
112 216
113 216
113 217
114 217
114 218
115 218
115 219
116 219
116 220
117 220
117 221
118 221
118 222
119 222
119 223
120 223
120 224
121 224
121 225
122 225
122 226
123 226
123 227
124 228
124 229
125 229
125 230
126 232
126 233
127 233
127 234
128 234
128 235
129 235
129 236
130 236
130 237
131 237
131 238
132 238
132 239
133 239
133 240
134 241
134 242
135 243
135 244
136 244
136 245
137 245
137 246
138 246
138 247
139 247
139 248
140 248
140 249
141 249
141 250
142 250
142 251
143 252
143 253
144 253
144 254
145 254
145 255
146 255
146 256
147 256
147 257
148 258
148 259
149 261
149 262
150 262
150 263
151 263
151 264
152 265
152 266
153 266
153 267
154 267
154 268
155 268
155 269
156 269
156 270
157 270
157 271
158 271
158 272
159 272
159 273
160 273
160 274
161 274
163 282
163 283
165 304
165 305
173 295
173 296
183 281
183 282
185 289
185 290
187 275
187 276
192 280
192 281
195 290
195 291
196 298
196 299
197 287
197 288
200 284
200 285
203 296
203 297
211 294
211 295
213 301
213 302
219 293
219 294
225 292
225 293
233 285
233 286
242 283
242 284
245 291
245 292
266 300
266 301
267 288
267 289
271 276
271 277
275 286
275 287
277 297
277 298
278 302
303 305
303 304
