199
2 57
2 58
4 1
5 1
6 1
7 1
8 1
9 1
10 1
11 1
12 1
12 2
13 2
14 2
15 2
16 2
17 2
18 2
19 2
20 2
20 3
21 3
22 3
23 3
24 3
25 3
26 3
27 3
28 3
29 42
29 43
30 43
30 44
31 44
31 45
32 45
32 46
33 46
33 47
34 47
34 48
35 48
35 49
36 49
36 50
37 50
37 51
38 51
38 52
39 52
39 53
40 53
40 54
41 54
41 42
42 55
43 55
43 56
44 55
45 58
46 56
47 56
48 58
49 56
49 57
50 57
51 56
52 57
53 58
54 146
54 147
56 64
56 65
59 55
60 55
61 57
62 58
63 65
63 64
66 126
66 127
67 127
67 128
68 128
68 129
69 129
69 130
70 130
70 131
71 131
71 132
72 132
72 133
73 133
73 134
74 134
74 135
75 135
75 136
76 136
76 137
77 137
77 138
78 138
78 139
79 139
79 140
80 140
80 141
81 141
81 142
82 142
82 143
83 143
83 144
84 144
84 145
85 145
85 146
86 147
86 148
87 148
87 149
88 149
88 150
89 150
89 151
90 151
90 152
91 152
91 153
92 153
92 154
93 154
93 155
94 155
94 156
95 156
95 157
96 157
96 158
97 158
97 159
98 159
98 160
99 160
99 161
100 161
100 162
101 162
101 163
102 163
102 164
103 164
103 165
104 165
104 166
105 166
105 167
106 167
106 168
107 168
107 169
108 169
108 170
109 170
109 171
110 171
110 172
111 172
111 173
112 173
112 174
113 174
113 175
114 175
114 176
115 176
115 177
116 177
116 178
117 178
117 179
118 179
118 180
119 180
119 181
120 181
120 182
121 182
121 183
122 183
122 184
123 184
123 185
124 185
124 186
125 186
128 193
128 194
128 195
140 191
140 192
140 193
168 187
168 188
169 188
181 198
181 199
187 189
187 190
187 191
197 199
