541
1 70
1 71
2 71
2 72
3 72
3 73
4 73
4 74
5 74
5 75
6 75
6 76
7 76
7 77
8 77
8 78
9 78
9 79
10 79
10 80
11 80
11 81
12 81
12 82
13 82
13 83
14 83
14 84
15 84
15 85
16 85
16 86
17 86
17 87
18 87
18 88
19 88
19 89
20 89
20 90
21 90
21 91
22 91
22 92
23 92
23 93
24 93
24 94
25 94
25 95
26 95
26 96
27 96
27 97
28 97
28 98
29 98
29 99
30 99
30 100
31 100
31 101
32 101
32 102
33 102
33 103
34 103
34 104
35 104
35 105
36 105
36 106
37 106
37 107
38 107
38 108
39 108
39 109
40 109
40 110
41 110
41 111
42 111
42 112
43 112
43 113
44 113
44 114
45 114
45 115
46 115
46 116
47 116
47 117
48 117
48 118
49 118
49 119
50 119
50 120
51 120
51 121
52 121
52 122
53 122
53 123
54 123
54 124
55 124
55 125
56 125
56 126
57 126
57 127
58 127
58 128
59 128
59 129
60 129
60 130
61 130
61 131
62 131
62 132
63 132
63 133
64 133
64 134
65 134
65 135
66 135
66 136
67 136
67 137
68 137
68 138
69 138
70 337
70 338
71 459
71 460
72 166
72 167
72 168
72 169
72 170
72 171
72 172
73 222
73 223
74 475
79 477
85 425
85 426
87 473
89 336
89 337
90 473
91 472
96 476
97 439
97 440
98 450
98 451
101 478
102 428
102 429
103 478
106 379
107 475
110 347
110 348
111 343
111 344
115 476
116 371
116 372
118 274
118 275
119 471
125 381
126 368
126 369
127 140
127 141
129 443
129 444
130 438
130 439
134 476
135 471
137 381
139 141
139 142
140 172
140 173
140 174
140 175
140 176
140 177
140 178
143 148
143 149
143 150
143 151
143 152
143 153
143 154
144 154
144 155
144 156
144 157
144 158
144 159
144 160
145 160
145 161
145 162
145 163
145 164
145 165
145 166
146 178
146 179
146 180
146 181
146 182
146 183
146 184
147 184
147 185
147 186
147 187
147 188
147 189
147 190
160 424
160 425
165 355
165 356
171 473
192 473
193 293
193 294
212 221
212 222
213 223
213 224
214 224
214 225
215 225
215 226
216 226
216 227
217 227
217 228
218 228
218 229
219 229
219 230
220 230
224 280
224 281
226 289
226 290
228 266
228 267
229 290
229 291
231 265
231 266
232 267
232 268
233 268
233 269
234 269
234 270
235 270
235 271
236 271
236 272
237 272
237 273
238 273
238 274
239 275
239 276
240 276
240 277
241 277
241 278
242 278
242 279
243 279
243 280
244 281
244 282
245 282
245 283
246 283
246 284
247 284
247 285
248 285
248 286
249 286
249 287
250 287
250 288
251 288
251 289
252 291
252 292
253 292
253 293
254 294
254 295
255 295
255 296
256 296
256 297
257 297
257 298
258 298
258 299
259 299
259 300
260 300
260 301
261 301
261 302
262 302
262 303
263 303
263 304
264 304
268 356
268 357
270 471
278 455
278 456
290 433
290 434
304 540
304 541
305 331
305 332
306 332
306 333
307 333
307 334
308 334
308 335
309 335
309 336
310 338
310 339
311 339
311 340
312 340
312 341
313 341
313 342
314 342
314 343
315 344
315 345
316 345
316 346
317 346
317 347
318 348
318 349
319 349
319 350
320 350
320 351
321 351
321 352
322 352
322 353
323 353
323 354
324 354
324 355
325 357
325 358
326 358
326 359
327 359
327 360
328 360
328 361
329 361
329 362
330 362
331 426
331 427
332 369
332 370
333 372
333 373
334 373
334 374
335 437
335 438
340 367
340 368
343 376
343 377
345 379
345 380
347 471
350 477
351 370
351 371
354 380
354 381
357 366
357 367
359 375
359 376
361 478
363 374
363 375
364 377
364 378
365 378
370 471
376 446
376 447
378 436
378 437
382 379
383 380
386 475
388 442
388 443
392 427
392 428
393 429
393 430
394 430
394 431
395 431
395 432
396 432
396 433
397 434
397 435
398 435
398 436
399 440
399 441
400 441
400 442
401 444
401 445
402 445
402 446
403 447
403 448
404 448
404 449
405 449
405 450
406 451
406 452
407 452
407 453
408 453
408 454
409 454
409 455
410 456
410 457
411 457
411 458
412 458
412 459
413 460
413 461
414 461
414 462
415 462
415 463
416 463
416 464
417 464
417 465
418 465
418 466
419 466
419 467
420 467
420 468
421 468
421 469
422 469
422 470
423 470
431 477
433 476
433 477
438 475
443 471
444 475
453 477
464 476
465 472
468 472
479 471
480 471
480 472
481 472
482 472
483 472
484 472
484 473
485 473
486 473
487 473
487 474
488 474
489 474
490 474
491 474
492 474
493 474
494 474
494 475
495 475
496 475
496 476
497 476
498 476
499 477
500 477
501 477
501 478
502 478
503 478
504 478
505 478
