698
1 8
1 9
2 9
2 10
3 10
3 11
4 11
4 12
5 12
5 13
6 13
6 14
7 14
8 80
8 81
9 89
9 90
10 81
10 82
13 110
13 111
15 77
15 78
16 78
16 79
17 79
17 80
18 82
18 83
19 83
19 84
20 84
20 85
21 85
21 86
22 86
22 87
23 87
23 88
24 88
24 89
25 90
25 91
26 91
26 92
27 92
27 93
28 93
28 94
29 94
29 95
30 95
30 96
31 96
31 97
32 97
32 98
33 98
33 99
34 99
34 100
35 100
35 101
36 101
36 102
37 102
37 103
38 103
38 104
39 104
39 105
40 105
40 106
41 106
41 107
42 107
42 108
43 108
43 109
44 109
44 110
45 111
45 112
46 112
46 113
47 113
47 114
48 114
48 115
49 115
49 116
50 116
50 117
51 117
51 118
52 118
52 119
53 119
53 120
54 120
54 121
55 121
55 122
56 122
56 123
57 123
57 124
58 124
58 125
59 125
59 126
60 126
60 127
61 127
61 128
62 128
62 129
63 129
63 130
64 130
64 131
65 131
65 132
66 132
66 133
67 133
67 134
68 134
68 135
69 135
69 136
70 136
70 137
71 137
71 138
72 138
72 139
73 139
73 140
74 140
74 141
75 141
75 142
76 142
78 669
78 670
80 146
81 146
83 147
84 679
84 680
100 146
107 146
107 147
109 674
109 675
130 272
133 273
134 652
134 653
140 144
140 145
143 145
144 147
148 147
150 273
151 257
151 258
152 253
152 254
153 258
153 259
154 149
155 149
156 149
157 149
158 149
158 150
159 150
160 150
161 150
162 150
162 151
163 151
164 151
165 151
166 151
166 152
167 152
168 152
169 152
170 152
170 153
171 153
172 153
173 153
174 153
175 251
175 252
177 269
179 592
179 593
180 246
180 247
181 274
182 275
185 273
187 255
187 256
190 273
191 241
191 242
193 254
193 255
195 273
195 274
196 269
198 264
198 265
199 581
199 582
200 252
200 253
204 256
204 257
205 275
207 271
208 681
208 682
209 262
209 263
210 260
210 261
211 573
211 574
212 275
216 249
216 250
217 261
217 262
219 250
219 251
220 604
220 605
221 608
221 609
224 660
224 661
225 264
226 265
227 242
227 243
231 271
233 272
234 243
234 244
235 244
235 245
236 245
236 246
237 247
237 248
238 248
238 249
239 259
239 260
240 263
241 577
241 578
243 265
249 668
249 669
250 264
253 275
260 270
261 647
261 648
262 264
269 580
269 581
276 264
277 264
278 264
279 264
280 264
281 264
282 264
283 264
284 265
285 265
286 265
287 265
288 265
289 265
290 265
291 265
292 265
292 266
293 266
294 266
295 266
296 266
297 266
298 266
299 266
300 266
301 266
302 266
303 266
303 267
304 267
305 267
306 267
307 267
308 267
309 267
310 267
311 267
312 267
313 267
314 267
314 268
315 268
316 268
317 268
318 268
319 268
320 268
321 268
322 268
323 268
324 268
325 268
325 269
326 269
327 269
328 269
329 269
330 269
331 269
332 269
333 269
334 269
334 270
335 270
336 270
337 270
338 270
339 270
340 270
341 270
342 270
343 270
344 270
344 271
345 271
346 271
347 271
348 271
349 271
350 271
351 271
352 271
353 271
353 272
354 272
355 272
356 272
357 272
358 272
359 272
360 272
361 272
362 272
362 273
363 273
364 273
365 273
366 273
367 273
368 273
369 274
370 274
371 274
372 274
373 274
374 274
375 274
376 274
377 274
378 274
378 275
379 275
380 275
381 275
382 275
383 275
384 275
385 275
388 656
388 657
391 594
391 595
393 595
393 596
407 575
407 576
413 599
413 600
427 541
427 542
448 651
448 652
451 673
451 674
455 644
455 645
458 666
458 667
461 612
461 613
482 611
482 612
485 521
485 522
485 523
485 524
485 525
485 526
485 527
485 528
485 529
485 530
487 598
487 599
492 578
492 579
498 600
498 601
503 572
503 573
507 662
507 663
508 676
508 677
517 574
517 575
518 584
518 585
520 530
520 531
520 532
520 533
520 534
520 535
520 536
520 537
520 538
520 539
527 687
527 688
533 613
533 614
540 542
540 543
541 607
541 608
543 658
543 659
544 569
544 570
545 570
545 571
546 571
546 572
547 576
547 577
548 579
548 580
549 582
549 583
550 583
550 584
551 585
551 586
552 586
552 587
553 587
553 588
554 588
554 589
555 589
555 590
556 590
556 591
557 591
557 592
558 593
558 594
559 596
559 597
560 597
560 598
561 601
561 602
562 602
562 603
563 603
563 604
564 605
564 606
565 606
565 607
566 609
566 610
567 610
567 611
568 614
568 569
570 697
570 698
574 650
574 651
580 684
580 685
585 693
585 694
591 675
591 676
592 661
592 662
606 657
606 658
607 680
607 681
608 691
608 692
615 643
615 644
616 645
616 646
617 646
617 647
618 648
618 649
619 649
619 650
620 653
620 654
621 654
621 655
622 655
622 656
623 659
623 660
624 663
624 664
625 664
625 665
626 665
626 666
627 667
627 668
628 670
628 671
629 671
629 672
630 672
630 673
631 677
631 678
632 678
632 679
633 682
633 683
634 683
634 684
635 685
635 686
636 686
636 687
637 688
637 689
638 689
638 690
639 690
639 691
640 692
640 693
641 694
641 695
642 695
642 643
696 698
696 697
