1045
1 452
1 453
2 758
4 485
4 486
5 465
5 466
6 757
8 480
8 481
11 442
11 443
12 538
12 539
12 540
12 541
12 542
16 924
16 925
18 1
19 1
20 1
21 1
22 1
23 1
24 1
25 1
26 1
27 1
28 1
29 1
30 1
31 1
32 1
33 1
34 1
35 1
36 1
37 1
37 2
38 2
39 2
40 2
41 2
42 2
43 2
44 2
45 2
46 2
47 2
48 2
49 2
50 2
51 2
52 2
53 2
54 2
55 2
56 2
56 3
57 3
58 3
59 3
60 3
61 3
62 3
63 3
64 3
65 3
66 3
67 3
68 3
69 3
70 3
71 3
72 3
73 3
74 3
75 3
75 4
76 4
77 4
78 4
79 4
80 4
81 4
82 4
83 4
84 4
85 4
86 4
87 4
88 4
89 4
90 4
91 4
92 4
93 4
94 4
94 5
95 5
96 5
97 5
98 5
99 5
100 5
101 5
102 5
103 5
104 5
105 5
106 5
107 5
108 5
109 5
110 5
111 5
112 5
113 5
113 6
114 6
115 6
116 6
117 6
118 6
119 6
120 6
121 6
122 6
123 6
124 6
125 6
126 6
127 6
128 6
129 6
130 6
131 6
132 6
132 7
133 7
134 7
135 7
136 7
137 7
138 7
139 7
140 7
141 7
142 7
143 7
144 7
145 7
146 7
147 7
148 7
149 7
150 7
151 7
151 8
152 8
153 8
154 8
155 8
156 8
157 8
158 8
159 8
160 8
161 8
162 8
163 8
164 8
165 8
166 8
167 8
168 8
169 8
170 8
170 9
171 9
172 9
173 9
174 9
175 9
176 9
177 9
178 9
179 9
180 9
181 9
182 9
183 9
184 9
185 9
186 9
187 9
188 9
189 9
189 10
190 10
191 10
192 10
193 10
194 10
195 10
196 10
197 10
198 10
199 10
200 10
201 10
202 10
203 10
204 10
205 10
206 10
207 10
208 10
208 11
209 11
210 11
211 11
212 11
213 11
214 11
215 11
216 11
217 11
218 11
219 11
220 11
221 11
222 11
223 11
224 11
225 11
226 11
227 11
227 12
228 12
229 12
230 12
231 12
232 12
233 12
234 12
235 12
236 12
237 12
238 12
239 12
240 12
241 12
242 12
243 12
244 12
245 12
246 12
246 13
247 13
248 13
249 13
250 13
251 13
252 13
253 13
254 13
255 13
256 13
257 13
258 13
259 13
260 13
261 13
262 13
263 13
264 13
265 13
265 14
266 14
267 14
268 14
269 14
270 14
271 14
272 14
273 14
274 14
275 14
276 14
277 14
278 14
279 14
280 14
281 14
282 14
283 14
284 14
284 15
285 15
286 15
287 15
288 15
289 15
290 15
291 15
292 15
293 15
294 15
295 15
296 15
297 15
298 15
299 15
300 15
301 15
302 15
303 15
303 16
304 16
305 16
306 16
307 16
308 16
309 16
310 16
311 16
312 16
313 16
314 16
315 16
316 16
317 16
318 16
319 16
320 16
321 16
322 16
322 17
323 17
324 17
325 17
326 17
327 17
328 17
329 17
330 17
331 17
332 17
333 17
334 17
335 17
336 17
337 17
338 17
339 17
340 17
341 17
342 417
342 418
343 418
343 419
344 419
344 420
345 420
345 421
346 421
346 422
347 422
347 423
348 423
348 424
349 424
349 425
350 425
350 426
351 426
351 427
352 427
352 428
353 428
353 429
354 429
354 430
355 430
355 431
356 431
356 432
357 432
357 433
358 433
358 434
359 434
359 435
360 435
360 436
361 436
361 437
362 437
362 438
363 438
363 439
364 439
364 440
365 440
365 441
366 441
366 442
367 443
367 444
368 444
368 445
369 445
369 446
370 446
370 447
371 447
371 448
372 448
372 449
373 449
373 450
374 450
374 451
375 451
375 452
376 453
376 454
377 454
377 455
378 455
378 456
379 456
379 457
380 457
380 458
381 458
381 459
382 459
382 460
383 460
383 461
384 461
384 462
385 462
385 463
386 463
386 464
387 464
387 465
388 466
388 467
389 467
389 468
390 468
390 469
391 469
391 470
392 470
392 471
393 471
393 472
394 472
394 473
395 473
395 474
396 474
396 475
397 475
397 476
398 476
398 477
399 477
399 478
400 478
400 479
401 479
401 480
402 481
402 482
403 482
403 483
404 483
404 484
405 484
405 485
406 486
406 487
407 487
407 488
408 488
408 489
409 489
409 490
410 490
410 491
411 491
411 492
412 492
412 493
413 493
413 494
414 494
414 495
415 495
415 496
416 496
421 992
421 993
422 951
422 952
424 529
424 530
425 754
426 972
426 973
427 755
429 531
429 532
430 961
430 962
434 995
434 996
438 1013
438 1014
439 761
443 522
443 523
445 754
456 968
456 969
465 525
465 526
467 927
467 928
471 761
473 758
476 759
481 1020
481 1021
482 534
482 535
482 536
482 537
482 538
484 512
484 513
485 759
486 696
486 697
486 698
486 699
486 700
486 701
486 702
486 703
486 704
486 705
486 706
486 707
486 708
486 709
486 710
486 711
486 712
486 713
486 714
486 715
487 955
487 956
488 516
488 517
490 546
490 547
490 548
490 549
490 550
494 1016
494 1017
497 513
497 514
498 514
498 515
499 515
499 516
500 517
500 518
501 518
501 519
502 519
502 520
503 520
503 521
504 521
504 522
505 523
505 524
506 524
506 525
507 526
507 527
508 527
508 528
509 528
509 529
510 530
510 531
511 532
511 512
514 922
514 923
515 982
515 983
520 959
520 960
529 952
529 953
533 542
533 543
533 544
533 545
533 546
536 759
540 552
540 553
546 976
546 977
549 761
550 755
551 553
554 563
554 564
554 565
554 566
554 567
554 568
554 569
554 570
554 571
554 572
554 573
554 574
554 575
554 576
554 577
554 578
554 579
554 580
554 581
554 582
555 582
555 583
555 584
555 585
555 586
555 587
555 588
555 589
555 590
555 591
555 592
555 593
555 594
555 595
555 596
555 597
555 598
555 599
555 600
555 601
556 601
556 602
556 603
556 604
556 605
556 606
556 607
556 608
556 609
556 610
556 611
556 612
556 613
556 614
556 615
556 616
556 617
556 618
556 619
556 620
557 620
557 621
557 622
557 623
557 624
557 625
557 626
557 627
557 628
557 629
557 630
557 631
557 632
557 633
557 634
557 635
557 636
557 637
557 638
557 639
558 639
558 640
558 641
558 642
558 643
558 644
558 645
558 646
558 647
558 648
558 649
558 650
558 651
558 652
558 653
558 654
558 655
558 656
558 657
558 658
559 658
559 659
559 660
559 661
559 662
559 663
559 664
559 665
559 666
559 667
559 668
559 669
559 670
559 671
559 672
559 673
559 674
559 675
559 676
559 677
560 677
560 678
560 679
560 680
560 681
560 682
560 683
560 684
560 685
560 686
560 687
560 688
560 689
560 690
560 691
560 692
560 693
560 694
560 695
560 696
561 715
561 716
561 717
561 718
561 719
561 720
561 721
561 722
561 723
561 724
561 725
561 726
561 727
561 728
561 729
561 730
561 731
561 732
561 733
561 734
562 734
562 735
562 736
562 737
562 738
562 739
562 740
562 741
562 742
562 743
562 744
562 745
562 746
562 747
562 748
562 749
562 750
562 751
562 752
562 753
563 942
563 943
566 761
567 758
568 761
569 754
570 759
571 760
571 761
572 759
573 756
574 761
575 755
576 755
580 760
581 754
582 757
583 756
584 757
585 756
587 758
589 760
590 758
591 759
594 756
595 761
596 755
597 761
599 755
600 754
602 761
604 761
605 761
606 759
607 756
610 761
611 760
613 754
615 754
616 761
617 758
619 754
620 761
621 938
621 939
623 757
626 756
627 758
629 755
631 757
632 756
633 756
634 758
639 755
641 758
642 757
643 760
644 1022
644 1023
646 917
646 918
647 760
649 912
649 913
650 755
651 760
652 755
653 759
654 755
655 760
656 759
657 758
659 760
661 756
662 758
663 757
667 760
668 759
669 755
670 756
671 759
672 761
674 756
677 1018
677 1019
678 754
679 760
680 761
681 759
682 754
682 755
683 760
685 758
687 756
690 756
691 932
691 933
694 757
695 758
696 756
697 761
698 759
699 957
699 958
700 759
703 754
705 758
706 758
706 759
709 756
710 757
712 759
712 760
713 757
714 755
715 759
718 754
719 760
720 754
721 918
721 919
722 759
723 757
724 757
725 756
726 756
728 755
729 760
730 758
731 755
733 759
735 916
735 917
737 756
738 754
739 756
739 757
740 760
741 754
742 754
743 757
744 761
745 758
747 929
747 930
748 760
749 754
751 754
752 757
760 1019
760 1020
762 754
763 754
764 754
765 754
766 754
767 754
768 755
769 755
770 755
771 755
772 755
773 755
774 755
775 755
775 756
776 756
777 756
778 756
779 756
780 757
781 757
782 757
783 757
784 757
785 757
786 757
787 757
788 757
788 758
789 758
790 758
791 758
792 758
793 758
794 758
795 759
796 759
797 759
798 759
799 759
800 760
801 760
802 760
803 760
804 760
805 760
806 760
807 761
808 761
809 761
810 761
811 761
812 911
812 912
813 913
813 914
814 914
814 915
815 915
815 916
816 919
816 920
817 920
817 921
818 921
818 922
819 923
819 924
820 925
820 926
821 926
821 927
822 928
822 929
823 930
823 931
824 931
824 932
825 933
825 934
826 934
826 935
827 935
827 936
828 936
828 937
829 937
829 938
830 939
830 940
831 940
831 941
832 941
832 942
833 943
833 944
834 944
834 945
835 945
835 946
836 946
836 947
837 947
837 948
838 948
838 949
839 949
839 950
840 950
840 951
841 953
841 954
842 954
842 955
843 956
843 957
844 958
844 959
845 960
845 961
846 962
846 963
847 963
847 964
848 964
848 965
849 965
849 966
850 966
850 967
851 967
851 968
852 969
852 970
853 970
853 971
854 971
854 972
855 973
855 974
856 974
856 975
857 975
857 976
858 977
858 978
859 978
859 979
860 979
860 980
861 980
861 981
862 981
862 982
863 983
863 984
864 984
864 985
865 985
865 986
866 986
866 987
867 987
867 988
868 988
868 989
869 989
869 990
870 990
870 991
871 991
871 992
872 993
872 994
873 994
873 995
874 996
874 997
875 997
875 998
876 998
876 999
877 999
877 1000
878 1000
878 1001
879 1001
879 1002
880 1002
880 1003
881 1003
881 1004
882 1004
882 1005
883 1005
883 1006
884 1006
884 1007
885 1007
885 1008
886 1008
886 1009
887 1009
887 1010
888 1010
888 1011
889 1011
889 1012
890 1012
890 1013
891 1014
891 1015
892 1015
892 1016
893 1017
893 1018
894 1021
894 1022
895 1023
895 1024
896 1024
896 1025
897 1025
897 1026
898 1026
898 1027
899 1027
899 1028
900 1028
900 1029
901 1029
901 1030
902 1030
902 1031
903 1031
903 1032
904 1032
904 1033
905 1033
905 1034
906 1034
906 1035
907 1035
907 1036
908 1036
908 1037
909 1037
909 1038
910 1038
959 1039
959 1040
1037 1044
1037 1045
1041 1039
1042 1040
1043 1045
1043 1044
