989
1 16
1 17
1 18
1 19
1 20
1 21
1 22
1 23
1 24
1 25
1 26
1 27
1 28
1 29
1 30
1 31
1 32
1 33
1 34
1 35
1 36
1 37
1 38
1 39
1 40
1 41
1 42
1 43
1 44
1 45
1 46
1 47
2 47
2 48
2 49
2 50
2 51
2 52
2 53
2 54
2 55
2 56
2 57
2 58
2 59
2 60
2 61
2 62
2 63
2 64
2 65
2 66
2 67
2 68
2 69
2 70
2 71
2 72
2 73
2 74
2 75
2 76
2 77
2 78
3 78
3 79
3 80
3 81
3 82
3 83
3 84
3 85
3 86
3 87
3 88
3 89
3 90
3 91
3 92
3 93
3 94
3 95
3 96
3 97
3 98
3 99
3 100
3 101
3 102
3 103
3 104
3 105
3 106
3 107
3 108
3 109
4 109
4 110
4 111
4 112
4 113
4 114
4 115
4 116
4 117
4 118
4 119
4 120
4 121
4 122
4 123
4 124
4 125
4 126
4 127
4 128
4 129
4 130
4 131
4 132
4 133
4 134
4 135
4 136
4 137
4 138
4 139
4 140
5 140
5 141
5 142
5 143
5 144
5 145
5 146
5 147
5 148
5 149
5 150
5 151
5 152
5 153
5 154
5 155
5 156
5 157
5 158
5 159
5 160
5 161
5 162
5 163
5 164
5 165
5 166
5 167
5 168
5 169
5 170
5 171
6 171
6 172
6 173
6 174
6 175
6 176
6 177
6 178
6 179
6 180
6 181
6 182
6 183
6 184
6 185
6 186
6 187
6 188
6 189
6 190
6 191
6 192
6 193
6 194
6 195
6 196
6 197
6 198
6 199
6 200
6 201
6 202
7 202
7 203
7 204
7 205
7 206
7 207
7 208
7 209
7 210
7 211
7 212
7 213
7 214
7 215
7 216
7 217
7 218
7 219
7 220
7 221
7 222
7 223
7 224
7 225
7 226
7 227
7 228
7 229
7 230
7 231
7 232
7 233
8 233
8 234
8 235
8 236
8 237
8 238
8 239
8 240
8 241
8 242
8 243
8 244
8 245
8 246
8 247
8 248
8 249
8 250
8 251
8 252
8 253
8 254
8 255
8 256
8 257
8 258
8 259
8 260
8 261
8 262
8 263
8 264
9 264
9 265
9 266
9 267
9 268
9 269
9 270
9 271
9 272
9 273
9 274
9 275
9 276
9 277
9 278
9 279
9 280
9 281
9 282
9 283
9 284
9 285
9 286
9 287
9 288
9 289
9 290
9 291
9 292
9 293
9 294
9 295
10 295
10 296
10 297
10 298
10 299
10 300
10 301
10 302
10 303
10 304
10 305
10 306
10 307
10 308
10 309
10 310
10 311
10 312
10 313
10 314
10 315
10 316
10 317
10 318
10 319
10 320
10 321
10 322
10 323
10 324
10 325
10 326
11 326
11 327
11 328
11 329
11 330
11 331
11 332
11 333
11 334
11 335
11 336
11 337
11 338
11 339
11 340
11 341
11 342
11 343
11 344
11 345
11 346
11 347
11 348
11 349
11 350
11 351
11 352
11 353
11 354
11 355
11 356
11 357
12 357
12 358
12 359
12 360
12 361
12 362
12 363
12 364
12 365
12 366
12 367
12 368
12 369
12 370
12 371
12 372
12 373
12 374
12 375
12 376
12 377
12 378
12 379
12 380
12 381
12 382
12 383
12 384
12 385
12 386
12 387
12 388
13 388
13 389
13 390
13 391
13 392
13 393
13 394
13 395
13 396
13 397
13 398
13 399
13 400
13 401
13 402
13 403
13 404
13 405
13 406
13 407
13 408
13 409
13 410
13 411
13 412
13 413
13 414
13 415
13 416
13 417
13 418
13 419
14 419
14 420
14 421
14 422
14 423
14 424
14 425
14 426
14 427
14 428
14 429
14 430
14 431
14 432
14 433
14 434
14 435
14 436
14 437
14 438
14 439
14 440
14 441
14 442
14 443
14 444
14 445
14 446
14 447
14 448
14 449
14 450
15 450
15 451
15 452
15 453
15 454
15 455
15 456
15 457
15 458
15 459
15 460
15 461
15 462
15 463
15 464
15 465
15 466
15 467
15 468
15 469
15 470
15 471
15 472
15 473
15 474
15 475
15 476
15 477
15 478
15 479
15 480
15 481
17 543
17 544
19 721
19 722
22 551
22 552
23 640
23 641
26 897
27 554
27 555
28 503
28 504
29 873
29 874
31 641
31 642
35 896
37 558
37 559
38 541
38 542
39 588
39 589
40 784
40 785
42 547
42 548
43 635
43 636
44 783
44 784
45 599
45 600
46 523
46 524
50 655
50 656
52 533
52 534
57 504
57 505
58 634
58 635
59 567
59 568
67 646
67 647
68 896
70 650
70 651
74 852
74 853
75 660
75 661
76 615
76 616
79 788
79 789
80 740
80 741
81 561
81 562
83 617
83 618
84 579
84 580
86 895
87 589
87 590
90 505
90 506
93 747
93 748
94 750
94 751
95 613
95 614
97 575
97 576
99 895
99 896
102 524
102 525
103 514
103 515
104 521
104 522
106 539
106 540
107 663
108 792
108 793
109 777
109 778
113 627
113 628
114 896
116 623
116 624
122 661
122 662
124 758
124 759
127 536
127 537
128 590
128 591
129 895
135 578
135 579
139 789
139 790
140 633
140 634
145 584
145 585
148 612
148 613
149 629
149 630
153 892
153 893
156 537
156 538
173 799
173 800
174 725
174 726
176 581
176 582
177 988
177 989
178 531
178 532
179 568
179 569
181 895
182 895
183 526
183 527
184 591
184 592
187 844
187 845
188 528
188 529
189 606
189 607
191 516
191 517
194 574
194 575
195 511
195 512
196 748
196 749
197 896
202 898
208 648
208 649
209 527
209 528
211 532
211 533
212 897
213 884
213 885
216 614
216 615
218 898
220 894
221 898
225 894
227 556
227 557
229 506
229 507
230 977
230 978
231 548
231 549
232 662
232 501
235 652
235 653
238 592
238 593
239 751
239 752
240 639
240 640
241 596
241 597
242 894
243 767
243 768
246 638
246 639
247 620
247 621
249 604
249 605
253 611
253 612
254 897
256 895
257 719
257 720
260 729
260 730
261 595
261 596
262 563
262 564
264 513
264 514
267 791
267 792
270 598
270 599
271 621
271 622
272 848
272 849
273 576
273 577
274 509
274 510
277 864
277 865
279 654
279 655
281 501
281 502
283 642
283 643
284 637
284 638
299 625
299 626
300 570
300 571
302 657
302 658
303 573
303 574
305 542
305 543
306 600
306 601
308 519
308 520
309 602
309 603
312 566
312 567
316 895
318 520
318 521
319 607
319 608
321 583
321 584
322 585
322 586
327 562
327 563
328 553
328 554
330 631
330 632
332 794
332 795
334 545
334 546
338 597
338 598
339 664
342 645
342 646
343 571
343 572
344 525
344 526
346 522
346 523
347 587
347 588
350 663
350 664
356 630
356 631
357 510
357 511
358 557
358 558
363 737
363 738
364 766
364 767
366 582
366 583
368 529
368 530
371 502
371 503
378 658
378 659
379 555
379 556
386 636
386 637
388 889
388 890
392 656
392 657
394 644
394 645
395 534
395 535
398 610
398 611
399 898
400 593
400 594
401 894
403 626
403 627
408 618
408 619
409 897
415 851
415 852
416 898
418 665
421 653
421 654
422 603
422 604
423 782
423 783
424 895
428 619
428 620
432 550
432 551
435 546
435 547
438 735
438 736
439 535
439 536
443 530
443 531
448 659
448 660
449 508
449 509
450 780
450 781
452 879
452 880
453 512
453 513
454 624
454 625
455 724
455 725
456 898
457 651
457 652
460 616
460 617
462 867
462 868
464 586
464 587
465 540
465 541
469 580
469 581
470 773
470 774
472 507
472 508
473 552
473 553
474 601
474 602
476 544
476 545
477 515
477 516
478 518
478 519
479 622
479 623
482 517
482 518
483 538
483 539
484 549
484 550
485 559
485 560
486 560
486 561
487 564
487 565
488 565
488 566
489 569
489 570
490 572
490 573
491 577
491 578
492 594
492 595
493 605
493 606
494 608
494 609
495 609
495 610
496 628
496 629
497 632
497 633
498 643
498 644
499 647
499 648
500 649
500 650
503 785
503 786
512 763
512 764
517 896
517 897
519 973
519 974
520 895
523 768
523 769
525 872
525 873
528 787
528 788
530 895
531 898
535 898
540 895
542 738
542 739
547 862
547 863
551 752
551 753
555 845
555 846
566 898
569 847
569 848
571 718
571 719
574 898
581 970
581 971
584 795
584 796
598 802
598 803
603 868
603 869
622 731
622 732
628 897
629 663
630 793
630 794
632 968
632 969
638 897
638 898
649 866
649 867
652 897
655 756
655 757
666 664
666 665
667 665
668 720
668 721
669 722
669 723
670 723
670 724
671 726
671 727
672 727
672 728
673 728
673 729
674 730
674 731
675 732
675 733
676 733
676 734
677 734
677 735
678 736
678 737
679 739
679 740
680 741
680 742
681 742
681 743
682 743
682 744
683 744
683 745
684 745
684 746
685 746
685 747
686 749
686 750
687 753
687 754
688 754
688 755
689 755
689 756
690 757
690 758
691 759
691 760
692 760
692 761
693 761
693 762
694 762
694 763
695 764
695 765
696 765
696 766
697 769
697 770
698 770
698 771
699 771
699 772
700 772
700 773
701 774
701 775
702 775
702 776
703 776
703 777
704 778
704 779
705 779
705 780
706 781
706 782
707 786
707 787
708 790
708 791
709 796
709 797
710 797
710 798
711 798
711 799
712 800
712 801
713 801
713 802
714 803
714 804
715 804
715 805
716 805
716 806
717 806
717 718
718 898
720 895
721 860
721 861
724 896
729 888
729 889
731 897
734 839
734 840
735 896
737 898
738 896
740 894
741 967
741 968
742 898
744 875
744 876
745 895
750 896
753 896
754 898
755 896
757 894
758 897
762 882
762 883
765 898
767 896
773 897
776 894
776 895
781 894
782 894
784 896
785 881
785 882
786 898
787 894
789 897
790 886
790 887
793 878
793 879
794 897
795 855
795 856
800 896
801 897
802 865
802 866
807 837
807 838
808 838
808 839
809 840
809 841
810 841
810 842
811 842
811 843
812 843
812 844
813 846
813 847
814 849
814 850
815 850
815 851
816 853
816 854
817 854
817 855
818 856
818 857
819 857
819 858
820 858
820 859
821 859
821 860
822 861
822 862
823 863
823 864
824 869
824 870
825 870
825 871
826 871
826 872
827 874
827 875
828 876
828 877
829 877
829 878
830 880
830 881
831 883
831 884
832 885
832 886
833 887
833 888
834 890
834 891
835 891
835 892
836 893
836 837
872 897
899 894
900 894
901 894
902 894
903 894
904 894
905 894
906 894
907 894
908 894
909 894
910 894
911 894
912 894
913 895
914 895
915 895
916 895
917 895
918 895
919 895
920 895
921 895
922 895
923 896
924 896
925 896
926 896
927 896
928 896
929 896
930 896
931 896
932 897
933 897
934 897
935 897
936 897
937 897
938 897
939 897
940 897
941 898
942 898
943 898
944 898
945 898
946 898
947 898
948 965
948 966
949 966
949 967
950 969
950 970
951 971
951 972
952 972
952 973
953 974
953 975
954 975
954 976
955 976
955 977
956 978
956 979
957 979
957 980
958 980
958 981
959 981
959 982
960 982
960 983
961 983
961 984
962 984
962 985
963 985
963 986
964 986
987 989
