521
3 61
3 62
6 1
7 1
8 1
9 1
10 1
10 2
11 2
12 2
13 2
14 2
14 3
15 3
16 3
17 3
18 3
18 4
19 4
20 4
21 4
22 4
22 5
23 5
24 5
25 5
26 5
27 48
27 49
28 49
28 50
29 50
29 51
30 51
30 52
31 52
31 53
32 53
32 54
33 54
33 55
34 55
34 56
35 56
35 57
36 57
36 58
37 58
37 59
38 59
38 60
39 60
39 61
40 62
40 63
41 63
41 64
42 64
42 65
43 65
43 66
44 66
44 67
45 67
45 68
46 68
46 69
47 69
49 186
49 187
49 188
49 189
49 190
49 191
49 192
49 193
49 194
49 195
49 196
49 197
49 198
49 199
49 200
49 201
49 202
50 72
53 314
53 315
53 316
53 317
53 318
53 319
53 320
53 321
53 322
53 323
53 324
53 325
53 326
53 327
53 328
53 329
53 330
55 70
64 143
66 410
66 411
66 412
66 413
66 414
66 415
66 416
66 417
66 418
66 419
66 420
66 421
66 422
66 423
66 424
66 425
66 426
71 142
73 70
74 70
74 71
75 71
76 71
76 72
77 72
78 81
78 82
79 82
79 83
80 83
82 118
82 119
82 120
82 121
82 122
82 123
82 124
82 125
82 126
82 127
82 128
84 88
84 89
84 90
84 91
84 92
84 93
84 94
84 95
84 96
84 97
84 98
85 98
85 99
85 100
85 101
85 102
85 103
85 104
85 105
85 106
85 107
85 108
86 108
86 109
86 110
86 111
86 112
86 113
86 114
86 115
86 116
86 117
86 118
87 128
87 129
87 130
87 131
87 132
87 133
87 134
87 135
87 136
87 137
87 138
88 143
91 144
96 140
96 141
106 144
116 142
124 143
131 144
134 143
134 144
139 141
145 142
146 142
147 142
148 142
148 143
149 143
150 144
151 144
152 330
152 331
152 332
152 333
152 334
152 335
152 336
152 337
152 338
152 339
152 340
152 341
152 342
152 343
152 344
152 345
152 346
153 152
154 152
155 152
156 152
157 170
157 171
157 172
157 173
157 174
157 175
157 176
157 177
157 178
157 179
157 180
157 181
157 182
157 183
157 184
157 185
157 186
158 202
158 203
158 204
158 205
158 206
158 207
158 208
158 209
158 210
158 211
158 212
158 213
158 214
158 215
158 216
158 217
158 218
159 218
159 219
159 220
159 221
159 222
159 223
159 224
159 225
159 226
159 227
159 228
159 229
159 230
159 231
159 232
159 233
159 234
160 234
160 235
160 236
160 237
160 238
160 239
160 240
160 241
160 242
160 243
160 244
160 245
160 246
160 247
160 248
160 249
160 250
161 250
161 251
161 252
161 253
161 254
161 255
161 256
161 257
161 258
161 259
161 260
161 261
161 262
161 263
161 264
161 265
161 266
162 266
162 267
162 268
162 269
162 270
162 271
162 272
162 273
162 274
162 275
162 276
162 277
162 278
162 279
162 280
162 281
162 282
163 282
163 283
163 284
163 285
163 286
163 287
163 288
163 289
163 290
163 291
163 292
163 293
163 294
163 295
163 296
163 297
163 298
164 298
164 299
164 300
164 301
164 302
164 303
164 304
164 305
164 306
164 307
164 308
164 309
164 310
164 311
164 312
164 313
164 314
165 346
165 347
165 348
165 349
165 350
165 351
165 352
165 353
165 354
165 355
165 356
165 357
165 358
165 359
165 360
165 361
165 362
166 362
166 363
166 364
166 365
166 366
166 367
166 368
166 369
166 370
166 371
166 372
166 373
166 374
166 375
166 376
166 377
166 378
167 378
167 379
167 380
167 381
167 382
167 383
167 384
167 385
167 386
167 387
167 388
167 389
167 390
167 391
167 392
167 393
167 394
168 394
168 395
168 396
168 397
168 398
168 399
168 400
168 401
168 402
168 403
168 404
168 405
168 406
168 407
168 408
168 409
168 410
169 426
169 427
169 428
169 429
169 430
169 431
169 432
169 433
169 434
169 435
169 436
169 437
169 438
169 439
169 440
169 441
169 442
243 517
255 499
318 514
318 515
396 520
396 521
486 499
499 500
499 501
500 503
500 504
500 505
500 506
500 507
500 508
501 515
501 516
502 508
502 509
502 510
502 511
502 512
502 513
507 517
511 517
514 517
515 517
518 517
519 521
