892
1 32
1 33
2 33
2 34
3 34
3 35
4 35
4 36
5 36
5 37
6 37
6 38
7 38
7 39
8 39
8 40
9 40
9 41
10 41
10 42
11 42
11 43
12 43
12 44
13 44
13 45
14 45
14 46
15 46
15 47
16 47
16 48
17 48
17 49
18 49
18 50
19 50
19 51
20 51
20 52
21 52
21 53
22 53
22 54
23 54
23 55
24 55
24 56
25 56
25 57
26 57
26 58
27 58
27 59
28 59
28 60
29 60
29 61
30 61
30 62
31 62
32 118
32 119
35 64
35 65
38 189
41 65
50 65
56 184
56 185
58 64
59 158
59 159
62 316
63 123
63 124
64 115
64 116
66 63
67 63
68 63
69 63
70 63
71 63
72 63
73 63
74 63
75 63
76 63
77 63
78 63
79 63
80 63
81 63
81 64
82 64
83 64
84 64
85 64
86 64
87 64
88 64
89 64
90 64
91 64
92 64
93 64
94 64
95 65
96 65
97 65
98 65
99 65
100 65
101 65
102 65
103 65
104 65
105 65
106 65
107 65
108 116
108 117
109 117
109 118
110 119
110 120
111 120
111 121
112 121
112 122
113 122
113 123
114 124
114 115
121 171
121 172
125 155
125 156
126 156
126 157
127 157
127 158
128 159
128 160
129 160
129 161
130 161
130 162
131 162
131 163
132 163
132 164
133 164
133 165
134 165
134 166
135 166
135 167
136 167
136 168
137 168
137 169
138 169
138 170
139 170
139 171
140 172
140 173
141 173
141 174
142 174
142 175
143 175
143 176
144 176
144 177
145 177
145 178
146 178
146 179
147 179
147 180
148 180
148 181
149 181
149 182
150 182
150 183
151 183
151 184
152 185
152 186
153 186
153 187
154 187
158 310
160 311
161 190
161 191
166 310
168 290
168 291
169 323
169 324
170 188
170 189
171 314
174 190
178 189
179 313
182 190
183 191
185 324
188 201
188 202
192 188
193 188
194 188
195 189
195 190
196 191
197 191
198 315
203 256
203 257
204 257
204 258
205 258
205 259
206 259
206 260
207 260
207 261
208 261
208 262
209 262
209 263
210 263
210 264
211 264
211 265
212 265
212 266
213 266
213 267
214 267
214 268
215 268
215 269
216 269
216 270
217 270
217 271
218 271
218 272
219 272
219 273
220 273
220 274
221 274
221 275
222 275
222 276
223 276
223 277
224 277
224 278
225 278
225 279
226 279
226 280
227 280
227 281
228 281
228 282
229 282
229 283
230 283
230 284
231 284
231 285
232 285
232 286
233 286
233 287
234 287
234 288
235 288
235 289
236 289
236 290
237 291
237 292
238 292
238 293
239 293
239 294
240 294
240 295
241 295
241 296
242 296
242 297
243 297
243 298
244 298
244 299
245 299
245 300
246 300
246 301
247 301
247 302
248 302
248 303
249 303
249 304
250 304
250 305
251 305
251 306
252 306
252 307
253 307
253 308
254 308
254 309
255 309
255 256
258 314
259 313
260 329
261 312
263 323
266 332
267 322
268 324
270 318
271 310
272 317
273 329
274 320
276 310
277 330
278 333
279 329
280 315
281 325
282 312
283 312
285 315
287 316
288 327
289 320
290 322
291 328
292 325
295 317
296 318
297 313
299 325
302 331
303 322
304 330
307 311
307 312
323 891
323 892
334 310
335 310
336 310
337 310
338 310
339 310
340 310
341 310
342 310
343 310
344 310
345 310
346 310
347 310
348 310
349 310
350 310
351 310
352 310
353 310
354 310
355 310
355 311
356 311
357 311
358 311
359 311
360 311
361 311
362 311
363 311
364 311
365 311
366 311
367 311
368 311
369 311
370 311
371 311
372 311
373 311
374 311
375 311
376 311
377 311
378 311
379 312
380 312
381 312
382 312
383 312
384 312
385 312
386 312
387 312
388 312
389 312
390 312
391 312
392 312
393 312
394 312
395 312
396 312
397 312
398 312
399 312
400 312
400 313
401 313
402 313
403 313
404 313
405 313
406 313
407 313
408 313
409 313
410 313
411 313
412 313
413 313
414 313
415 313
416 313
417 313
418 313
419 313
420 313
421 313
422 313
422 314
423 314
424 314
425 314
426 314
427 314
428 314
429 314
430 314
431 314
432 314
433 314
434 314
435 314
436 314
437 314
438 314
439 314
440 314
441 314
442 314
443 314
444 314
445 314
445 315
446 315
447 315
448 315
449 315
450 315
451 315
452 315
453 315
454 315
455 315
456 315
457 315
458 315
459 315
460 315
461 315
462 315
463 315
464 315
465 315
466 315
467 315
467 316
468 316
469 316
470 316
471 316
472 316
473 316
474 316
475 316
476 316
477 316
478 316
479 316
480 316
481 316
482 316
483 316
484 316
485 316
486 316
487 316
488 316
489 316
490 316
490 317
491 317
492 317
493 317
494 317
495 317
496 317
497 317
498 317
499 317
500 317
501 317
502 317
503 317
504 317
505 317
506 317
507 317
508 317
509 317
510 317
511 317
512 317
513 317
513 318
514 318
515 318
516 318
517 318
518 318
519 318
520 318
521 318
522 318
523 318
524 318
525 318
526 318
527 318
528 318
529 318
530 318
531 318
532 318
533 318
534 318
535 318
536 318
536 319
537 319
538 319
539 319
540 319
541 319
542 319
543 319
544 319
545 319
546 319
547 319
548 319
549 319
550 319
551 319
552 319
553 319
554 319
555 319
556 319
557 319
558 319
559 319
560 319
561 319
561 320
562 320
563 320
564 320
565 320
566 320
567 320
568 320
569 320
570 320
571 320
572 320
573 320
574 320
575 320
576 320
577 320
578 320
579 320
580 320
581 320
582 320
583 320
584 320
584 321
585 321
586 321
587 321
588 321
589 321
590 321
591 321
592 321
593 321
594 321
595 321
596 321
597 321
598 321
599 321
600 321
601 321
602 321
603 321
604 321
605 321
606 321
607 321
608 321
609 321
609 322
610 322
611 322
612 322
613 322
614 322
615 322
616 322
617 322
618 322
619 322
620 322
621 322
622 322
623 322
624 322
625 322
626 322
627 322
628 322
629 322
630 322
631 322
631 323
632 323
633 323
634 323
635 323
636 323
637 323
638 323
639 323
640 323
641 323
642 323
643 323
644 323
645 323
646 323
647 323
648 323
649 323
650 323
651 323
652 323
653 323
654 323
655 324
656 324
657 324
658 324
659 324
660 324
661 324
662 324
663 324
664 324
665 324
666 324
667 324
668 324
669 324
670 324
671 324
672 324
673 324
674 324
675 324
676 324
677 324
677 325
678 325
679 325
680 325
681 325
682 325
683 325
684 325
685 325
686 325
687 325
688 325
689 325
690 325
691 325
692 325
693 325
694 325
695 325
696 325
697 325
698 325
699 325
699 326
700 326
701 326
702 326
703 326
704 326
705 326
706 326
707 326
708 326
709 326
710 326
711 326
712 326
713 326
714 326
715 326
716 326
717 326
718 326
719 326
720 326
721 326
722 326
723 326
724 326
724 327
725 327
726 327
727 327
728 327
729 327
730 327
731 327
732 327
733 327
734 327
735 327
736 327
737 327
738 327
739 327
740 327
741 327
742 327
743 327
744 327
745 327
746 327
747 327
748 327
748 328
749 328
750 328
751 328
752 328
753 328
754 328
755 328
756 328
757 328
758 328
759 328
760 328
761 328
762 328
763 328
764 328
765 328
766 328
767 328
768 328
769 328
770 328
771 328
772 328
772 329
773 329
774 329
775 329
776 329
777 329
778 329
779 329
780 329
781 329
782 329
783 329
784 329
785 329
786 329
787 329
788 329
789 329
790 329
791 329
792 329
793 329
794 329
794 330
795 330
796 330
797 330
798 330
799 330
800 330
801 330
802 330
803 330
804 330
805 330
806 330
807 330
808 330
809 330
810 330
811 330
812 330
813 330
814 330
815 330
816 330
817 330
817 331
818 331
819 331
820 331
821 331
822 331
823 331
824 331
825 331
826 331
827 331
828 331
829 331
830 331
831 331
832 331
833 331
834 331
835 331
836 331
837 331
838 331
839 331
840 331
841 331
841 332
842 332
843 332
844 332
845 332
846 332
847 332
848 332
849 332
850 332
851 332
852 332
853 332
854 332
855 332
856 332
857 332
858 332
859 332
860 332
861 332
862 332
863 332
864 332
865 332
865 333
866 333
867 333
868 333
869 333
870 333
871 333
872 333
873 333
874 333
875 333
876 333
877 333
878 333
879 333
880 333
881 333
882 333
883 333
884 333
885 333
886 333
887 333
888 333
889 333
890 892
