114
1 69
1 70
2 1
3 1
4 52
4 53
5 53
5 54
6 54
6 55
7 55
7 56
8 56
8 57
9 57
9 58
10 58
10 59
11 59
11 60
12 60
12 61
13 61
13 62
14 62
14 63
15 63
15 64
16 64
16 65
17 65
17 66
18 66
18 67
19 67
19 68
20 68
20 69
21 70
21 71
22 71
22 72
23 72
23 73
24 73
24 74
25 74
25 75
26 75
26 76
27 76
27 77
28 77
28 78
29 78
29 79
30 79
30 80
31 80
31 81
32 81
32 82
33 82
33 83
34 83
34 84
35 84
35 85
36 85
36 86
37 86
37 87
38 87
38 88
39 88
39 89
40 89
40 90
41 90
41 91
42 91
42 92
43 92
43 93
44 93
44 94
45 94
45 95
46 95
46 96
47 96
47 97
48 97
48 98
49 98
49 99
50 99
50 100
51 100
69 113
69 114
78 111
89 106
89 107
97 107
97 108
101 105
101 106
102 108
102 109
103 109
103 110
104 110
104 105
112 111
