510
1 141
1 142
2 142
2 143
3 143
3 144
4 144
4 145
5 145
5 146
6 146
6 147
7 147
7 148
8 148
8 149
9 149
9 150
10 150
10 151
11 151
11 152
12 152
12 153
13 153
13 154
14 154
14 155
15 155
15 156
16 156
16 157
17 157
17 158
18 158
18 159
19 159
19 160
20 160
20 161
21 161
21 162
22 162
22 163
23 163
23 164
24 164
24 165
25 165
25 166
26 166
26 167
27 167
27 168
28 168
28 169
29 169
29 170
30 170
30 171
31 171
31 172
32 172
32 173
33 173
33 174
34 174
34 175
35 175
35 176
36 176
36 177
37 177
37 178
38 178
38 179
39 179
39 180
40 180
40 181
41 181
41 182
42 182
42 183
43 183
43 184
44 184
44 185
45 185
45 186
46 186
46 187
47 187
47 188
48 188
48 189
49 189
49 190
50 190
50 191
51 191
51 192
52 192
52 193
53 193
53 194
54 194
54 195
55 195
55 196
56 196
56 197
57 197
57 198
58 198
58 199
59 199
59 200
60 200
60 201
61 201
61 202
62 202
62 203
63 203
63 204
64 204
64 205
65 205
65 206
66 206
66 207
67 207
67 208
68 208
68 209
69 209
69 210
70 210
70 211
71 211
71 212
72 212
72 213
73 213
73 214
74 214
74 215
75 215
75 216
76 216
76 217
77 217
77 218
78 218
78 219
79 219
79 220
80 220
80 221
81 221
81 222
82 222
82 223
83 223
83 224
84 224
84 225
85 225
85 226
86 226
86 227
87 227
87 228
88 228
88 229
89 229
89 230
90 230
90 231
91 231
91 232
92 232
92 233
93 233
93 234
94 234
94 235
95 235
95 236
96 236
96 237
97 237
97 238
98 238
98 239
99 239
99 240
100 240
100 241
101 241
101 242
102 242
102 243
103 243
103 244
104 244
104 245
105 245
105 246
106 246
106 247
107 247
107 248
108 248
108 249
109 249
109 250
110 250
110 251
111 251
111 252
112 252
112 253
113 253
113 254
114 254
114 255
115 255
115 256
116 256
116 257
117 257
117 258
118 258
118 259
119 259
119 260
120 260
120 261
121 261
121 262
122 262
122 263
123 263
123 264
124 264
124 265
125 265
125 266
126 266
126 267
127 267
127 268
128 268
128 269
129 269
129 270
130 270
130 271
131 271
131 272
132 272
132 273
133 273
133 274
134 274
134 275
135 275
135 276
136 276
136 277
137 277
137 278
138 278
138 279
139 279
139 280
140 280
140 141
154 404
158 397
158 398
175 409
204 410
206 410
214 405
230 404
230 405
267 408
270 338
270 339
271 509
271 510
282 281
283 281
284 349
284 350
285 314
285 315
286 330
286 331
287 284
288 284
289 284
289 285
290 285
291 285
291 286
292 286
293 286
295 316
295 317
296 346
296 347
299 351
299 352
300 341
300 342
301 329
301 330
305 333
305 334
307 344
307 345
308 345
308 346
310 335
310 336
311 336
311 337
312 332
312 333
313 315
313 314
314 317
314 316
316 343
316 344
318 331
318 332
319 334
319 335
320 337
320 338
321 339
321 340
322 340
322 341
323 342
323 343
324 347
324 348
325 348
325 349
326 350
326 351
327 352
327 353
328 353
328 329
338 407
338 408
354 388
354 389
355 354
356 354
357 379
357 380
358 380
358 381
359 381
359 382
360 382
360 383
361 383
361 384
362 384
362 385
363 385
363 386
364 386
364 387
365 387
365 388
366 389
366 390
367 390
367 391
368 391
368 392
369 392
369 393
370 393
370 394
371 394
371 395
372 395
372 396
373 396
373 397
374 398
374 399
375 399
375 400
376 400
376 401
377 401
377 402
378 402
378 379
379 407
390 406
411 403
412 403
413 403
414 403
415 403
416 403
417 403
418 403
418 404
419 404
420 404
421 404
422 404
423 404
424 405
425 405
426 405
427 405
428 405
429 405
429 406
430 406
431 406
432 406
433 406
434 406
435 406
435 407
436 407
437 407
438 407
439 407
440 407
441 408
442 408
443 408
444 408
445 408
446 408
446 409
447 409
448 409
449 409
450 409
451 409
452 409
452 410
453 410
454 410
455 410
456 410
457 410
508 510
