118
1 6
1 7
2 7
2 8
3 8
3 9
4 9
4 10
5 10
6 94
6 95
7 99
7 100
8 92
8 93
9 72
9 73
11 61
11 62
12 62
12 63
13 63
13 64
14 64
14 65
15 65
15 66
16 66
16 67
17 67
17 68
18 68
18 69
19 69
19 70
20 70
20 71
21 71
21 72
22 73
22 74
23 74
23 75
24 75
24 76
25 76
25 77
26 77
26 78
27 78
27 79
28 79
28 80
29 80
29 81
30 81
30 82
31 82
31 83
32 83
32 84
33 84
33 85
34 85
34 86
35 86
35 87
36 87
36 88
37 88
37 89
38 89
38 90
39 90
39 91
40 91
40 92
41 93
41 94
42 95
42 96
43 96
43 97
44 97
44 98
45 98
45 99
46 100
46 101
47 101
47 102
48 102
48 103
49 103
49 104
50 104
50 105
51 105
51 106
52 106
52 107
53 107
53 108
54 108
54 109
55 109
55 110
56 110
56 111
57 111
57 112
58 112
58 113
59 113
59 114
60 114
72 117
72 118
86 115
86 116
