604
1 55
1 56
2 56
2 57
3 57
3 58
4 58
4 59
5 59
5 60
6 60
6 61
7 61
7 62
8 62
8 63
9 63
9 64
10 64
10 65
11 65
11 66
12 66
12 67
13 67
13 68
14 68
14 69
15 69
15 70
16 70
16 71
17 71
17 72
18 72
18 73
19 73
19 74
20 74
20 75
21 75
21 76
22 76
22 77
23 77
23 78
24 78
24 79
25 79
25 80
26 80
26 81
27 81
27 82
28 82
28 83
29 83
29 84
30 84
30 85
31 85
31 86
32 86
32 87
33 87
33 88
34 88
34 89
35 89
35 90
36 90
36 91
37 91
37 92
38 92
38 93
39 93
39 94
40 94
40 95
41 95
41 96
42 96
42 97
43 97
43 98
44 98
44 99
45 99
45 100
46 100
46 101
47 101
47 102
48 102
48 103
49 103
49 104
50 104
50 105
51 105
51 106
52 106
52 107
53 107
53 108
54 108
55 198
56 203
58 188
58 189
59 205
60 205
62 196
63 128
63 129
65 197
67 207
68 134
68 135
70 131
70 132
71 140
71 141
73 392
73 393
75 170
75 171
77 199
79 141
79 142
80 207
83 201
84 204
85 126
85 127
87 198
90 396
90 397
92 143
92 144
93 204
94 395
94 396
95 196
96 199
97 190
97 191
100 175
100 176
101 191
101 192
102 179
102 180
103 386
103 387
104 207
106 176
106 177
107 206
109 125
109 126
110 127
110 128
111 129
111 130
112 130
112 131
113 132
113 133
114 133
114 134
115 135
115 136
116 136
116 137
117 137
117 138
118 138
118 139
119 139
119 140
120 142
120 143
121 144
121 145
122 145
122 146
123 146
123 147
124 147
124 125
125 167
125 168
126 171
126 172
127 189
127 190
128 148
129 185
129 186
132 186
132 187
133 149
135 173
135 174
136 205
137 148
137 149
138 204
142 192
142 193
150 166
150 167
151 168
151 169
152 169
152 170
153 172
153 173
154 174
154 175
155 177
155 178
156 178
156 179
157 180
157 181
158 181
158 182
159 182
159 183
160 183
160 184
161 184
161 185
162 187
162 188
163 193
163 194
164 194
164 195
165 195
175 536
175 537
175 538
175 539
175 540
175 541
175 542
175 543
175 544
175 545
177 206
188 196
192 196
202 390
202 391
207 471
207 472
208 196
209 196
210 196
211 196
212 196
213 196
214 196
215 196
215 197
216 197
217 197
218 197
219 197
220 197
221 197
222 197
223 197
224 197
225 197
225 198
226 198
227 198
228 198
229 198
230 198
231 198
232 198
233 198
234 198
234 199
235 199
236 199
237 199
238 199
239 199
240 199
241 199
242 199
243 199
243 200
244 200
245 200
246 200
247 200
248 200
249 200
250 200
251 200
252 200
253 200
254 200
254 201
255 201
256 201
257 201
258 201
259 201
260 201
261 201
262 201
263 201
264 201
264 202
265 202
266 202
267 202
268 202
269 202
270 202
271 202
272 202
273 202
274 202
275 202
275 203
276 203
277 203
278 203
279 203
280 203
281 203
282 203
283 203
284 203
285 203
285 204
286 204
287 204
288 204
289 204
290 204
291 204
292 204
293 204
293 205
294 205
295 205
296 205
297 205
298 205
299 205
300 205
301 205
301 206
302 206
303 206
304 206
305 206
306 206
307 206
308 206
309 206
310 206
310 207
311 207
312 207
313 207
314 207
315 207
316 207
317 207
318 207
323 471
338 404
338 405
338 406
338 407
347 387
347 388
352 527
352 528
352 529
352 530
352 531
352 532
352 533
352 534
352 535
352 536
359 391
359 392
381 388
381 389
382 389
382 390
383 393
383 394
384 394
384 395
385 397
398 401
398 402
398 403
398 404
399 407
399 408
399 409
399 410
400 410
400 411
400 412
400 413
461 554
461 555
461 556
461 557
461 558
461 559
461 560
461 561
461 562
461 563
474 471
475 472
476 472
476 473
477 473
478 473
484 603
484 604
487 545
487 546
487 547
487 548
487 549
487 550
487 551
487 552
487 553
487 554
488 500
488 501
488 502
488 503
488 504
488 505
488 506
488 507
488 508
488 509
495 509
495 510
495 511
495 512
495 513
495 514
495 515
495 516
495 517
495 518
496 518
496 519
496 520
496 521
496 522
496 523
496 524
496 525
496 526
496 527
497 563
497 564
497 565
497 566
497 567
497 568
497 569
497 570
497 571
497 572
498 572
498 573
498 574
498 575
498 576
498 577
498 578
498 579
498 580
498 581
499 581
499 582
499 583
499 584
499 585
499 586
499 587
499 588
499 589
499 590
602 604
