393
3 1
4 1
4 2
5 2
6 282
6 283
10 186
10 187
11 187
11 188
12 188
12 189
13 189
13 190
14 190
14 191
15 191
15 192
16 192
16 193
17 193
17 194
18 194
18 195
19 195
19 196
20 196
20 197
21 197
21 198
22 198
22 199
23 199
23 200
24 200
24 201
25 201
25 202
26 202
26 203
27 203
27 204
28 204
28 205
29 205
29 206
30 206
30 207
31 207
31 208
32 208
32 209
33 209
33 210
34 210
34 211
35 211
35 212
36 212
36 213
37 213
37 214
38 214
38 215
39 215
39 216
40 216
40 217
41 217
41 218
42 218
42 219
43 219
43 220
44 220
44 221
45 221
45 222
46 222
46 223
47 223
47 224
48 224
48 225
49 225
49 226
50 226
50 227
51 227
51 228
52 228
52 229
53 229
53 230
54 230
54 231
55 231
55 232
56 232
56 233
57 233
57 234
58 234
58 235
59 235
59 236
60 236
60 237
61 237
61 238
62 238
62 239
63 239
63 240
64 240
64 241
65 241
65 242
66 242
66 243
67 243
67 244
68 244
68 245
69 245
69 246
70 246
70 247
71 247
71 248
72 248
72 249
73 249
73 250
74 250
74 251
75 251
75 252
76 252
76 253
77 253
77 254
78 254
78 255
79 255
79 256
80 256
80 257
81 257
81 258
82 258
82 259
83 259
83 260
84 260
84 261
85 261
85 262
86 262
86 263
87 263
87 264
88 264
88 265
89 265
89 266
90 266
90 267
91 267
91 268
92 268
92 269
93 269
93 270
94 270
94 271
95 271
95 272
96 272
96 273
97 273
97 274
98 274
98 275
99 275
99 276
100 276
100 277
101 277
101 278
102 278
102 279
103 279
103 280
104 280
104 281
105 281
105 282
106 283
106 284
107 284
107 285
108 285
108 286
109 286
109 287
110 287
110 288
111 288
111 289
112 289
112 290
113 290
113 291
114 291
114 292
115 292
115 293
116 293
116 294
117 294
117 295
118 295
118 296
119 296
119 297
120 297
120 298
121 298
121 299
122 299
122 300
123 300
123 301
124 301
124 302
125 302
125 303
126 303
126 304
127 304
127 305
128 305
128 306
129 306
129 307
130 307
130 308
131 308
131 309
132 309
132 310
133 310
133 311
134 311
134 312
135 312
135 313
136 313
136 314
137 314
137 315
138 315
138 316
139 316
139 317
140 317
140 318
141 318
141 319
142 319
142 320
143 320
143 321
144 321
144 322
145 322
145 323
146 323
146 324
147 324
147 325
148 325
148 326
149 326
149 327
150 327
150 328
151 328
151 329
152 329
152 330
153 330
153 331
154 331
154 332
155 332
155 333
156 333
156 334
157 334
157 335
158 335
158 336
159 336
159 337
160 337
160 338
161 338
161 339
162 339
162 340
163 340
163 341
164 341
164 342
165 342
165 343
166 343
166 344
167 344
167 345
168 345
168 346
169 346
169 347
170 347
170 348
171 348
171 349
172 349
172 350
173 350
173 351
174 351
174 352
175 352
175 353
176 353
176 354
177 354
177 355
178 355
178 356
179 356
179 357
180 357
180 358
181 358
181 359
182 359
182 360
183 360
183 361
184 361
184 362
185 362
188 370
188 371
230 365
230 366
232 369
232 370
252 368
252 369
283 363
283 364
285 371
285 363
286 384
288 392
288 393
291 364
291 365
313 366
313 367
321 367
321 368
329 375
329 376
341 379
341 380
363 374
363 375
364 381
364 382
366 380
366 381
367 377
367 378
369 378
369 379
372 376
372 377
373 382
385 383
386 383
386 384
391 393
