816
808 345
808 753
808 344
808 752
808 343
808 751
808 342
808 750
808 341
808 749
808 340
808 748
808 747
808 746
808 745
745 683
745 44
745 38
745 439
745 433
745 428
745 423
745 419
745 415
745 412
745 409
745 407
745 405
745 404
745 1
746 684
746 1
746 452
746 445
746 33
746 28
746 23
746 19
746 15
746 12
746 9
746 7
746 5
746 4
746 2
747 685
747 2
747 404
747 45
747 39
747 440
747 434
747 429
747 424
747 420
747 416
747 413
747 410
747 408
747 406
748 282
340 283
340 3
340 408
748 406
748 4
748 405
748 453
748 446
748 34
748 29
748 24
340 5
340 407
340 46
340 447
748 20
748 16
748 13
748 10
748 8
748 3
340 441
340 435
340 430
340 425
340 421
340 417
340 414
340 411
749 284
749 411
749 8
749 410
749 7
749 409
749 454
341 285
341 6
341 414
749 40
749 35
749 30
749 25
749 21
341 10
749 17
749 14
749 6
341 413
341 9
341 412
341 47
341 448
341 442
341 436
341 431
341 426
341 422
341 418
750 286
750 418
750 14
750 417
750 13
750 416
750 12
750 415
750 455
750 41
342 287
750 36
342 11
342 422
750 31
750 26
750 22
750 11
342 17
342 421
342 16
342 420
342 15
342 419
342 48
342 449
342 443
342 437
342 432
342 427
751 288
751 427
751 22
751 426
751 21
751 425
751 20
751 424
751 19
751 423
751 456
343 289
343 18
343 432
343 26
343 431
343 25
751 42
343 430
343 24
343 429
751 37
751 32
343 23
751 18
343 428
343 49
343 450
343 444
343 438
752 290
752 438
752 32
752 437
752 31
752 436
752 30
752 435
752 29
752 434
752 28
344 291
344 27
344 444
344 37
752 433
344 443
344 36
752 457
752 43
752 27
344 442
344 35
344 441
344 34
344 440
344 33
344 439
344 50
344 451
753 292
753 451
753 43
753 450
753 42
753 449
753 41
753 448
753 40
753 447
753 446
753 39
753 445
753 38
753 458
345 293
345 458
345 50
345 457
345 49
345 456
345 48
345 455
345 47
345 454
345 46
345 453
345 45
345 452
345 44
683 294
684 295
1 459
404 51
2 460
685 296
3 55
405 461
4 52
406 53
282 686
407 462
5 54
283 687
408 463
6 466
409 59
7 467
410 60
8 468
411 61
284 689
412 56
9 464
413 57
10 465
285 688
414 58
11 472
415 66
12 473
416 67
13 474
417 68
14 475
418 69
286 691
419 62
15 469
420 63
16 470
421 64
17 471
287 690
422 65
18 70
423 476
19 71
424 477
20 72
425 478
21 73
426 479
22 74
427 480
288 297
428 481
23 75
429 482
24 76
430 483
25 77
431 484
26 78
289 298
432 79
27 80
433 485
28 81
434 486
29 82
435 487
30 83
436 488
31 84
437 489
32 85
438 490
290 299
439 86
33 491
440 87
34 492
441 88
35 493
442 89
36 494
443 90
37 495
291 692
444 91
38 496
445 92
446 93
39 497
447 498
40 94
448 499
41 95
449 500
42 96
450 501
43 97
292 300
451 502
44 346
452 754
45 347
453 755
46 348
454 756
47 349
455 350
48 757
456 758
49 351
457 759
50 352
458 760
293 397
397 760
397 352
397 759
397 351
397 758
397 757
397 350
397 349
397 756
397 348
397 755
397 347
397 754
397 346
346 294
346 496
346 86
346 485
346 481
346 476
346 62
346 66
346 56
346 59
346 462
346 461
346 51
346 459
754 295
754 459
754 92
754 491
754 81
754 75
754 71
754 469
754 473
754 464
754 467
754 54
754 52
754 460
347 296
347 460
347 51
347 497
347 87
347 486
347 482
347 477
347 63
347 67
347 57
347 60
347 463
347 53
755 686
755 53
755 52
755 461
755 93
755 492
755 82
755 76
755 72
755 470
755 474
755 465
755 468
755 55
348 687
348 55
348 463
348 54
348 462
348 498
348 88
348 487
348 483
348 478
348 64
348 68
348 58
348 61
756 689
756 61
756 468
756 60
756 467
756 59
756 94
756 493
756 83
349 688
349 466
349 58
349 465
349 57
349 464
349 56
349 499
756 77
756 73
349 89
349 488
349 484
349 479
756 471
756 475
349 65
349 69
756 466
350 691
350 69
350 475
757 690
757 472
350 68
350 474
757 65
757 471
757 64
350 67
757 470
757 63
757 469
757 62
350 473
350 66
350 95
757 500
757 90
757 489
350 494
757 79
757 480
350 84
350 78
350 74
350 472
758 297
758 480
758 74
758 479
351 298
351 70
351 79
758 73
351 78
758 478
351 484
758 72
351 77
758 477
351 483
758 71
351 76
758 476
351 482
758 96
351 75
758 495
351 481
758 85
351 501
758 70
351 91
351 490
352 692
352 80
352 91
352 495
352 90
759 299
352 494
352 89
352 493
352 88
759 490
759 85
759 489
352 492
759 84
759 488
352 87
352 491
759 83
352 86
759 487
759 82
759 486
759 81
759 485
759 97
759 80
352 502
760 300
760 502
760 97
760 501
760 96
760 500
760 95
760 499
760 94
760 498
760 93
760 497
760 92
760 496
294 693
295 694
459 98
51 503
460 99
296 695
52 504
461 100
686 696
53 101
462 505
54 102
463 506
55 103
687 697
56 509
464 107
57 510
465 108
688 699
58 511
466 109
59 104
467 507
60 105
468 508
61 106
689 698
62 515
469 114
63 516
470 115
64 517
471 116
690 701
65 518
472 117
66 110
473 512
67 111
474 513
68 112
475 514
69 113
691 700
70 127
476 118
71 519
477 119
72 520
478 120
73 521
479 121
74 522
480 122
297 702
481 523
75 123
482 524
76 124
483 525
77 125
78 126
79 527
298 703
484 526
80 139
485 128
81 528
486 129
82 529
487 130
83 530
488 131
84 531
489 132
85 532
299 704
490 133
86 533
491 134
87 534
492 135
88 535
493 136
89 536
494 137
90 537
495 138
692 705
91 538
496 353
92 761
497 354
93 762
498 355
94 763
499 356
95 764
500 357
96 765
501 358
97 766
300 398
398 359
398 766
398 358
398 765
398 357
398 764
398 356
398 763
398 355
398 762
398 354
398 761
398 353
502 359
353 693
353 533
353 128
353 523
353 118
353 515
353 110
353 509
353 104
353 505
353 100
353 503
353 98
761 694
761 98
761 134
761 528
761 123
761 519
761 114
761 512
761 107
761 507
761 102
761 504
761 99
354 695
354 99
354 503
354 534
354 129
354 524
354 119
354 516
354 111
354 510
354 105
354 506
354 101
762 696
762 101
762 504
762 100
762 135
762 529
762 124
762 520
762 115
762 513
762 108
762 508
762 103
355 697
355 103
355 506
355 102
355 505
355 535
355 130
355 525
355 120
355 517
355 112
355 511
355 106
763 698
763 106
763 508
763 105
763 507
763 104
763 136
763 530
763 125
763 521
763 116
763 514
763 109
356 699
356 109
356 511
356 108
356 510
356 107
356 509
356 536
356 131
356 526
356 121
356 518
356 113
764 700
764 113
764 514
764 112
764 513
764 111
764 512
764 110
764 137
764 531
764 126
764 522
764 117
357 701
357 117
357 518
357 116
357 517
357 115
357 516
357 114
357 515
357 537
357 132
357 527
357 122
765 702
765 122
765 522
765 121
765 521
765 120
765 520
765 119
765 519
765 118
765 138
765 532
765 127
358 703
358 127
358 527
358 126
358 526
358 125
358 525
358 124
358 524
358 123
358 523
358 538
358 133
766 704
766 133
766 532
766 132
766 531
766 131
766 530
766 130
766 529
766 129
766 528
766 128
766 139
359 705
359 139
359 538
359 138
359 537
359 137
359 536
359 136
359 535
359 135
359 534
359 134
359 533
693 301
694 302
98 539
503 140
99 540
695 303
100 541
504 141
696 304
101 542
505 142
102 543
506 143
103 544
697 305
104 545
507 144
105 546
508 145
698 306
106 547
509 146
107 548
510 147
108 549
511 148
109 550
699 307
110 551
512 149
111 552
513 150
112 553
514 151
700 308
113 554
515 152
114 555
516 153
115 556
517 154
116 557
518 155
117 558
701 309
118 559
519 156
119 560
520 157
120 561
521 158
121 562
522 159
702 310
122 563
523 160
123 564
524 161
124 565
525 162
125 566
526 163
126 567
527 164
127 568
703 311
128 569
528 165
129 570
529 166
130 167
530 571
131 168
531 572
132 169
532 573
704 706
133 170
533 767
134 768
534 360
135 769
535 361
136 770
536 362
137 771
537 363
138 772
538 364
139 773
705 809
809 773
809 364
809 772
809 363
809 771
809 362
809 770
809 361
809 769
809 360
809 768
809 767
767 301
767 569
767 160
767 559
767 152
767 551
767 146
767 545
767 142
767 541
767 140
767 539
768 302
768 539
768 165
768 564
768 156
768 555
768 149
768 548
768 144
768 543
768 141
768 540
360 303
360 540
360 140
360 570
360 161
360 560
360 153
360 552
360 147
360 546
360 143
360 542
769 304
769 542
769 141
769 541
769 166
769 565
769 157
769 556
769 150
769 549
769 145
769 544
361 305
361 544
361 143
361 543
361 142
361 167
361 162
361 561
361 154
361 553
361 148
361 547
770 306
770 547
770 145
770 546
770 144
770 545
770 571
770 566
770 158
770 557
770 151
770 550
362 307
362 550
362 148
362 549
362 147
362 548
362 146
362 168
362 163
362 562
362 155
362 554
771 308
771 554
771 151
771 553
771 150
771 552
771 149
771 551
771 572
771 567
771 159
771 558
363 309
363 558
363 155
363 557
363 154
363 556
363 153
363 555
363 152
363 169
363 164
363 563
772 310
772 563
772 159
772 562
772 158
772 561
772 157
772 560
772 156
772 559
772 573
772 568
364 311
364 568
364 164
364 567
364 163
364 566
364 162
364 565
364 161
364 564
364 160
364 170
773 706
773 170
773 573
773 169
773 572
773 168
773 571
773 167
773 166
773 570
773 165
773 569
301 312
302 313
539 574
140 171
540 575
303 314
541 576
141 172
304 315
542 577
142 173
543 578
143 174
544 579
305 316
545 580
144 175
546 581
145 176
306 317
547 582
146 177
548 583
147 178
549 584
148 179
550 585
307 318
551 586
149 180
552 587
150 181
553 588
151 182
308 319
554 589
152 183
555 590
153 184
556 591
154 185
557 592
155 186
558 593
309 707
559 594
156 595
560 187
157 596
561 188
158 597
562 189
159 598
310 708
563 190
160 191
564 599
161 192
565 600
162 193
566 601
163 194
567 602
164 195
568 603
311 320
569 774
165 365
166 366
570 775
167 776
571 367
168 777
572 368
169 778
573 369
706 810
810 779
810 369
810 778
810 368
810 777
810 367
810 776
810 366
810 775
810 365
810 774
170 779
774 312
774 191
774 594
774 183
774 586
774 177
774 580
774 173
774 576
774 171
774 574
365 313
365 574
365 599
365 595
365 590
365 180
365 583
365 175
365 578
365 172
365 575
775 314
775 575
775 171
775 192
775 187
775 184
775 587
775 178
775 581
775 174
775 577
366 315
366 577
366 172
366 576
366 600
366 596
366 591
366 181
366 584
366 176
366 579
776 316
776 579
776 174
776 578
776 173
776 193
776 188
776 185
776 588
776 179
776 582
367 317
367 582
367 176
367 581
367 175
367 580
367 601
367 597
367 592
367 182
367 585
777 318
777 585
777 179
777 584
777 178
777 583
777 177
777 194
777 189
777 186
777 589
368 319
368 589
368 182
368 588
368 181
368 587
368 180
368 586
368 602
368 598
368 593
778 707
778 593
778 186
778 592
778 185
778 591
778 184
778 590
778 183
778 195
778 190
369 708
369 190
369 598
369 189
369 597
369 188
369 596
369 187
369 595
369 594
369 603
779 320
779 603
779 195
779 602
779 194
779 601
779 193
779 600
779 192
779 599
779 191
312 321
313 322
574 604
171 196
575 605
314 323
576 606
172 197
315 324
577 607
173 198
578 608
174 609
579 199
316 709
580 200
175 610
581 201
176 611
317 710
582 202
177 612
583 203
178 613
584 204
179 614
585 205
318 711
586 206
180 615
587 207
181 616
588 208
182 617
319 712
589 209
183 210
590 618
184 211
591 619
185 212
592 620
593 621
707 325
594 622
186 213
595 214
187 623
596 215
188 624
597 216
189 625
598 217
190 626
708 326
191 370
599 371
192 372
600 373
193 374
601 780
194 375
602 781
195 376
603 782
320 399
399 782
399 376
399 781
399 375
399 780
399 374
399 373
399 372
399 371
399 370
370 321
370 622
370 210
370 206
370 612
370 200
370 198
370 606
370 196
370 604
371 322
371 604
371 214
371 618
371 615
371 203
371 610
371 608
371 197
371 605
372 323
372 605
372 196
372 623
372 211
372 207
372 613
372 201
372 609
372 607
373 324
373 607
373 197
373 606
373 215
373 619
373 616
373 204
373 611
373 199
374 709
374 199
374 609
374 608
374 198
374 624
374 212
374 208
374 614
374 202
780 710
780 202
780 611
780 201
780 610
780 200
780 216
780 620
780 617
780 205
375 711
375 205
375 614
375 204
375 613
375 203
375 612
375 625
375 213
375 209
781 712
781 209
781 617
781 208
781 616
781 207
781 615
781 206
781 217
781 621
376 325
376 621
376 213
376 620
376 212
376 619
376 211
376 618
376 210
376 626
782 326
782 626
782 217
782 625
782 216
782 624
782 215
782 623
782 214
782 622
321 713
322 714
604 218
196 627
605 219
323 715
606 222
197 630
324 717
607 223
608 628
198 220
609 221
199 629
709 716
200 224
610 631
201 225
611 632
710 718
202 226
612 633
203 227
613 634
204 228
614 635
205 229
711 719
206 230
615 636
207 231
616 637
208 232
617 638
209 233
712 720
210 639
618 234
211 640
619 235
212 641
620 236
213 642
621 237
325 721
622 377
214 378
623 379
215 380
624 783
216 784
625 381
217 785
326 400
626 382
400 382
400 785
400 381
400 784
400 783
400 380
400 379
400 378
400 377
377 713
377 639
377 230
377 633
377 224
377 220
377 222
377 627
377 218
378 714
378 218
378 234
378 636
378 227
378 631
378 628
378 630
378 219
379 715
379 219
379 627
379 640
379 231
379 634
379 225
379 221
379 223
783 716
783 629
783 221
783 628
783 220
783 641
783 232
783 635
783 226
380 717
380 223
380 630
380 222
380 235
380 637
380 228
380 632
380 629
784 718
784 226
784 632
784 225
784 631
784 224
784 236
784 638
784 229
381 719
381 229
381 635
381 228
381 634
381 227
381 633
381 642
381 233
785 720
785 233
785 638
785 232
785 637
785 231
785 636
785 230
785 237
382 721
382 237
382 642
382 236
382 641
382 235
382 640
382 234
382 639
713 722
714 723
218 238
627 643
219 239
715 724
220 645
628 242
716 726
221 646
629 243
222 240
630 644
223 241
717 725
224 244
631 647
225 245
632 648
718 727
226 246
633 649
227 247
634 650
228 248
635 651
229 249
719 728
230 250
636 652
231 251
637 653
232 252
638 654
720 729
233 253
639 786
234 787
640 788
235 383
641 789
236 384
642 790
237 385
721 811
811 385
811 790
811 384
811 789
811 383
811 788
811 787
811 786
786 722
786 250
786 649
786 244
786 645
786 240
786 643
786 238
787 723
787 238
787 652
787 247
787 647
787 242
787 644
787 239
788 724
788 239
788 643
788 251
788 650
788 245
788 646
788 241
383 725
383 241
383 644
383 240
383 653
383 248
383 648
383 243
789 726
789 243
789 646
789 242
789 645
789 252
789 651
789 246
384 727
384 246
384 648
384 245
384 647
384 244
384 654
384 249
790 728
790 249
790 651
790 248
790 650
790 247
790 649
790 253
385 729
385 253
385 654
385 252
385 653
385 251
385 652
385 250
722 730
723 731
238 254
643 655
239 255
724 732
240 256
644 656
725 733
241 257
645 657
242 258
646 658
243 259
726 734
244 260
647 659
245 261
648 660
727 735
246 262
649 661
247 263
650 662
248 264
651 663
249 265
728 736
250 791
652 792
251 793
653 794
252 386
654 795
729 812
253 387
812 387
812 795
812 386
812 794
812 793
812 792
812 791
791 730
791 661
791 260
791 657
791 256
791 655
791 254
792 731
792 254
792 263
792 659
792 258
792 656
792 255
793 732
793 255
793 655
793 662
793 261
793 658
793 257
794 733
794 257
794 656
794 256
794 264
794 660
794 259
386 734
386 259
386 658
386 258
386 657
386 663
386 262
795 735
795 262
795 660
795 261
795 659
795 260
795 265
387 736
387 265
387 663
387 264
387 662
387 263
387 661
730 327
731 328
254 664
655 266
255 665
732 329
256 666
656 267
733 330
257 667
657 268
258 668
658 269
259 669
734 331
260 670
659 270
261 671
660 271
735 332
262 672
661 796
263 797
662 798
264 799
663 388
265 800
736 813
813 800
813 388
813 799
813 798
813 797
813 796
796 327
796 670
796 268
796 666
796 266
796 664
797 328
797 664
797 270
797 668
797 267
797 665
798 329
798 665
798 266
798 671
798 269
798 667
799 330
799 667
799 267
799 666
799 271
799 669
388 331
388 669
388 269
388 668
388 268
388 672
800 332
800 672
800 271
800 671
800 270
800 670
327 737
328 738
664 272
266 673
665 273
329 739
666 274
267 674
330 740
667 275
268 675
668 276
269 676
669 277
331 741
670 389
270 801
671 390
271 802
332 401
401 391
401 802
401 390
401 801
401 389
672 391
389 737
389 675
389 274
389 673
389 272
801 738
801 272
801 276
801 674
801 273
390 739
390 273
390 673
390 676
390 275
802 740
802 275
802 674
802 274
802 277
391 741
391 277
391 676
391 276
391 675
737 333
738 334
272 677
673 278
273 678
739 335
274 679
674 279
740 336
275 680
675 803
276 804
676 392
277 805
741 814
814 805
814 392
814 804
814 803
803 333
803 679
803 278
803 677
804 334
804 677
804 279
804 678
392 335
392 678
392 278
392 680
805 336
805 680
805 279
805 679
333 742
334 337
677 681
278 280
678 682
335 338
679 393
279 806
336 402
402 394
402 806
402 393
680 394
393 742
393 280
393 681
806 337
806 681
806 682
394 338
394 682
742 339
394 280
337 743
681 281
280 395
682 396
338 403
403 396
403 395
395 339
395 281
396 743
396 281
339 744
281 807
743 815
815 807
807 744
744 816
