120
41 37
41 19
41 18
41 36
41 17
41 16
41 35
16 10
35 1
16 23
35 23
16 2
17 24
18 11
18 3
18 24
18 2
18 1
36 3
10 32
1 25
23 4
2 5
11 12
24 26
3 6
57 25
57 4
58 32
58 4
58 5
32 13
4 27
118 28
118 27
59 26
79 12
79 6
79 26
79 5
79 25
25 28
80 6
5 7
12 33
26 29
6 8
102 13
102 27
102 7
13 34
27 9
119 29
120 33
120 8
120 29
120 7
120 28
28 38
103 8
29 20
7 39
33 42
42 40
42 20
42 39
42 38
38 9
8 40
39 34
39 9
9 30
34 14
81 30
61 14
61 30
14 15
30 31
104 31
105 15
105 31
31 21
15 22
22 21
35 72
35 63
35 67
72 53
16 43
16 45
37 52
37 65
37 66
37 44
37 64
37 43
37 63
43 58
63 57
17 64
17 46
52 62
62 60
62 79
62 80
62 59
62 58
62 57
57 53
57 68
58 47
19 65
64 59
53 74
59 48
18 66
65 60
66 79
36 54
36 46
36 45
36 67
36 44
44 80
45 47
46 48
67 68
54 73
80 73
80 48
80 47
80 68
47 49
68 69
48 70
73 55
118 74
118 69
74 75
102 49
119 70
103 55
103 70
103 49
103 69
69 71
49 50
55 76
70 51
38 75
38 71
75 56
20 51
39 50
40 76
40 51
40 50
40 71
50 61
71 81
76 83
51 82
83 82
83 61
83 81
81 56
56 77
104 77
77 78
21 78
78 84
35 86
35 108
16 109
16 85
17 98
17 85
17 108
17 87
85 92
108 111
98 116
19 115
19 88
19 110
19 87
19 109
19 86
86 89
109 90
115 99
87 91
18 88
88 113
60 99
60 113
60 94
60 91
60 90
60 89
99 106
106 120
106 103
106 119
106 102
106 118
57 89
57 111
89 118
118 112
58 90
58 92
90 102
36 110
102 93
110 94
59 116
59 92
59 111
59 91
91 119
111 112
116 100
119 100
119 93
119 112
92 93
100 117
112 95
79 113
93 96
80 94
113 120
94 103
38 95
20 117
20 96
20 95
117 101
95 114
39 96
96 97
82 101
82 97
82 114
101 107
107 105
107 104
81 114
114 104
61 97
97 105
