120
42 18
42 40
42 17
42 16
42 39
42 15
42 38
38 1
15 9
15 25
38 25
15 26
16 27
39 2
17 10
17 27
17 2
17 26
17 1
9 35
25 3
1 4
26 28
2 5
10 11
27 29
81 4
81 3
82 35
82 3
82 28
35 36
3 6
59 5
60 29
61 11
61 29
61 5
61 28
61 4
4 7
28 30
5 8
29 31
11 37
118 7
118 6
100 36
100 6
100 30
36 12
6 32
101 8
102 37
102 31
102 8
102 30
102 7
7 19
30 20
119 31
37 23
8 41
23 21
23 41
23 20
23 19
19 32
31 21
20 12
20 32
12 13
32 33
62 33
84 13
84 33
13 14
33 34
103 34
104 14
104 34
34 22
14 24
24 22
38 75
38 44
38 43
75 53
15 68
15 67
16 76
16 69
16 67
16 43
16 45
67 71
76 54
43 48
18 77
18 70
18 47
18 45
18 46
18 68
18 44
44 81
68 82
39 46
39 69
77 64
45 60
17 47
46 59
64 83
64 61
64 60
64 59
64 82
64 81
69 49
40 70
81 53
81 48
47 61
82 71
59 49
60 54
60 49
60 71
60 48
53 55
70 83
48 50
49 51
71 72
54 78
118 55
118 50
55 79
100 72
101 51
119 78
119 51
119 72
119 50
50 52
19 79
19 52
72 73
21 56
21 74
21 73
21 52
20 73
78 56
41 74
51 74
79 80
52 62
73 84
56 65
65 63
65 84
65 62
74 63
62 80
80 57
103 57
57 58
22 58
58 66
38 86
38 85
15 107
15 106
16 108
39 96
39 106
39 85
39 87
85 90
106 91
17 88
96 116
40 97
40 88
40 108
40 87
40 107
40 86
86 109
81 109
81 90
107 89
87 110
83 115
83 92
83 111
83 110
83 89
83 109
88 92
82 89
82 91
108 111
97 115
109 118
89 100
115 105
59 116
59 91
59 90
59 110
105 102
105 119
105 101
105 100
105 118
60 111
90 112
110 101
61 92
116 98
91 93
118 112
100 93
101 98
101 93
101 112
111 119
92 102
93 94
112 113
98 99
19 113
20 94
41 99
41 94
41 113
94 95
113 114
99 117
63 117
63 95
63 114
117 120
120 104
120 103
62 114
114 103
84 95
95 104
