105
1 2
1 4
1 5
1 6
1 60
1 61
1 62
1 67
1 68
1 78
1 79
1 80
2 3
3 7
3 8
4 3
5 3
6 3
7 9
8 9
9 10
9 12
9 13
9 14
9 15
9 18
9 19
9 20
9 23
10 11
11 26
12 11
13 11
14 11
15 16
15 17
16 11
17 11
18 11
19 11
20 21
21 22
22 24
22 25
23 22
24 11
25 11
26 27
26 28
27 29
28 29
29 30
29 33
30 31
31 32
32 42
32 47
32 48
32 49
32 50
33 34
33 41
34 35
35 36
35 37
36 38
37 38
38 39
39 40
40 32
41 40
42 43
43 44
44 45
45 46
46 51
47 46
48 46
49 46
50 46
51 52
52 53
52 54
53 55
54 55
55 56
55 57
55 59
56 58
57 58
58 83
59 58
60 58
61 58
62 63
63 64
63 65
64 66
65 66
66 69
67 66
68 66
69 70
69 71
69 72
69 74
69 77
70 58
71 58
72 73
73 75
73 76
74 73
75 58
76 58
77 58
78 58
79 81
80 81
81 82
82 58
83 84
83 86
83 89
83 90
83 92
84 85
85 87
86 85
87 88
88 97
89 88
90 91
91 94
91 95
92 93
93 91
94 96
95 96
96 88
97 98
97 99
98 100
99 100
100 101
101 102
102 103
102 105
103 104
105 104
