1002
1 2
1 6
1 7
1 8
1 22
1 23
1 24
1 25
1 37
1 38
1 39
1 41
1 53
1 54
2 3
2 4
3 5
4 5
5 15
5 21
6 5
7 9
8 9
9 10
10 11
10 12
10 14
11 13
12 13
13 5
14 13
15 16
16 17
16 18
17 19
18 19
19 20
20 26
21 20
22 20
23 20
24 20
25 20
26 27
27 28
27 29
28 30
29 30
30 31
30 32
30 34
30 35
30 36
31 33
32 33
33 61
33 71
34 33
35 33
36 33
37 33
38 33
39 40
40 44
40 45
40 47
40 48
40 49
41 42
42 43
43 40
44 46
45 46
46 50
46 51
46 52
47 46
48 46
49 46
50 33
51 33
52 33
53 55
54 55
55 56
56 57
57 58
58 59
59 60
60 33
61 62
62 63
62 64
62 67
62 69
63 65
64 65
65 66
66 68
67 66
68 70
69 68
70 72
71 70
72 73
72 76
72 77
73 74
74 75
75 79
75 83
75 84
75 85
75 86
75 87
75 91
75 92
76 78
77 78
78 75
79 80
79 81
80 82
81 82
82 93
82 94
83 82
84 82
85 82
86 88
87 88
88 89
89 90
90 82
91 82
92 82
93 95
94 95
95 96
96 97
96 100
97 98
98 99
99 101
100 99
101 102
102 103
103 104
104 105
105 106
105 107
106 108
107 108
108 109
109 110
109 113
110 111
111 112
112 114
113 112
114 115
114 117
114 118
114 119
114 144
114 146
114 221
114 222
114 224
114 238
114 239
114 241
114 319
114 320
114 323
114 325
114 326
114 328
114 330
114 356
114 358
115 116
116 120
116 129
117 116
118 116
119 116
120 121
120 122
120 124
121 123
122 123
123 125
123 126
124 123
125 127
126 127
127 128
128 130
128 133
128 134
128 136
129 128
130 131
131 132
132 153
132 154
132 156
133 135
134 135
135 137
135 141
136 135
137 138
137 139
138 140
139 140
140 142
140 143
141 140
142 132
143 132
144 145
145 147
146 145
147 148
148 149
149 150
150 151
151 152
152 132
153 155
154 155
155 157
155 158
155 168
155 169
155 170
155 171
155 172
155 173
156 155
157 159
158 159
159 160
160 161
161 162
162 163
163 164
163 165
164 166
165 166
166 167
167 174
167 177
167 180
168 167
169 167
170 167
171 167
172 167
173 167
174 175
175 176
176 202
177 178
178 179
179 176
180 181
181 182
182 183
183 184
183 186
183 187
183 201
184 185
185 194
185 195
186 185
187 188
188 189
189 190
190 191
191 192
192 193
193 185
194 196
195 196
196 197
196 198
196 199
196 200
197 176
198 176
199 176
200 176
201 176
202 203
202 212
202 213
202 218
202 219
202 220
203 204
203 205
204 206
205 206
206 207
206 208
207 209
208 209
209 210
210 211
212 214
213 214
214 215
215 216
215 217
216 211
217 211
218 211
219 211
220 211
221 223
222 223
223 225
224 223
225 226
226 227
227 228
227 230
227 231
228 229
229 234
230 232
231 232
232 233
233 229
234 235
235 236
236 237
237 486
237 487
237 489
237 490
237 494
237 509
237 514
238 240
239 240
240 242
240 243
241 240
242 244
243 244
244 245
245 246
245 248
245 249
245 250
245 251
246 247
247 252
247 253
248 247
249 247
250 247
251 247
252 254
253 254
254 255
254 257
254 258
254 263
254 286
255 256
256 259
256 261
257 256
258 256
259 260
260 262
261 260
262 264
262 265
262 267
262 268
262 269
262 270
262 271
262 272
262 273
262 274
262 277
263 262
264 266
265 266
266 287
266 289
266 292
267 266
268 266
269 266
270 266
271 266
272 266
273 275
274 275
275 276
276 278
276 280
276 281
277 276
278 279
279 266
280 282
281 282
282 283
282 284
282 285
283 266
284 266
285 266
286 266
287 288
288 293
288 294
288 296
288 297
288 299
288 300
288 302
288 303
288 310
288 311
289 290
289 291
290 288
291 288
292 288
293 295
294 295
295 237
296 237
297 298
298 301
299 298
300 298
301 307
302 304
303 304
304 305
305 306
306 301
307 308
308 309
309 312
309 313
309 314
309 315
309 316
309 318
310 309
311 309
312 237
313 237
314 237
315 237
316 317
317 237
318 237
319 321
320 321
321 322
322 337
322 338
322 351
323 324
324 322
325 327
326 327
327 329
328 327
329 331
330 329
331 332
332 333
332 335
332 336
333 334
334 322
335 322
336 322
337 339
338 339
339 340
339 342
340 341
341 343
342 341
343 344
344 345
344 347
345 346
346 348
346 350
347 346
348 349
349 367
350 349
351 352
352 353
353 354
354 355
355 349
356 357
357 359
357 362
357 363
357 364
358 357
359 360
360 361
361 365
361 366
362 361
363 361
364 361
365 349
366 349
367 368
368 369
368 371
368 372
368 374
369 370
370 381
370 382
371 373
372 373
373 375
373 380
374 373
375 376
376 377
377 378
378 379
379 370
380 370
381 383
382 383
383 384
383 386
383 387
384 385
385 388
386 385
387 385
388 389
388 390
388 392
388 393
388 394
388 395
388 396
388 397
388 398
389 391
390 391
391 399
391 408
392 391
393 391
394 391
395 391
396 391
397 391
398 391
399 400
399 403
399 404
399 405
399 406
399 407
400 401
401 402
402 409
402 411
402 412
402 413
402 415
402 416
402 419
402 424
402 426
402 427
402 428
402 429
402 430
402 431
402 436
402 438
403 402
404 402
405 402
406 402
407 402
408 402
409 410
410 441
410 447
410 449
410 450
410 455
411 410
412 410
413 414
414 417
414 418
415 414
416 414
417 410
418 410
419 420
419 421
420 422
421 422
422 423
423 410
424 425
425 432
425 433
425 434
425 435
426 425
427 425
428 425
429 425
430 425
431 425
432 423
433 423
434 423
435 423
436 437
437 423
438 439
438 440
439 423
440 423
441 442
441 443
442 444
443 444
444 445
445 446
446 451
446 452
446 454
447 448
448 446
449 448
450 446
451 453
452 453
453 456
454 453
455 453
456 457
456 460
456 461
457 458
458 459
459 462
459 481
459 484
459 485
460 459
461 459
462 463
462 464
462 468
462 477
463 237
464 465
464 466
465 467
466 467
467 469
467 470
467 472
468 467
469 471
470 471
471 473
472 471
473 474
473 475
474 237
475 476
476 237
477 478
477 479
478 480
479 480
480 237
481 482
482 483
483 237
484 237
485 237
486 488
487 488
488 517
488 518
488 520
488 521
488 522
488 524
489 488
490 491
490 492
490 493
491 488
492 488
493 488
494 495
494 496
494 498
495 497
496 497
497 499
497 500
497 502
497 503
498 497
499 501
500 501
501 504
502 501
503 501
504 505
505 506
505 508
506 507
507 488
508 507
509 510
509 511
509 513
510 512
511 512
512 515
513 512
514 512
515 516
516 488
517 519
518 519
519 533
519 534
519 536
519 537
520 519
521 523
522 523
523 519
524 525
525 526
526 527
526 528
526 530
526 531
527 529
528 529
529 532
530 529
531 529
532 519
533 535
534 535
535 538
536 535
537 535
538 539
538 540
538 543
538 544
538 545
538 547
538 548
538 549
538 561
538 563
538 564
538 565
538 569
539 541
540 541
541 542
542 550
542 551
543 542
544 546
545 546
546 542
547 546
548 546
549 546
550 552
551 552
552 553
552 554
553 555
554 555
555 556
555 557
556 558
557 558
558 559
559 560
560 575
561 562
562 571
563 562
564 562
565 566
566 567
567 568
568 562
569 570
570 562
571 572
571 573
571 574
572 560
573 560
574 560
575 576
576 577
577 578
577 581
577 583
577 584
577 585
577 587
578 579
579 580
580 588
580 592
580 593
580 595
581 582
582 580
583 582
584 586
585 586
586 580
587 586
588 589
589 590
590 591
591 594
592 591
593 591
594 596
594 598
594 599
594 601
594 602
594 603
594 605
594 606
594 607
594 608
594 609
594 610
594 620
594 621
594 625
594 626
594 627
594 628
594 629
594 630
594 631
594 632
594 633
594 634
594 635
594 639
594 640
594 641
594 649
594 650
594 657
594 658
594 660
594 662
594 689
594 690
594 724
594 727
594 728
594 729
594 865
594 866
594 868
594 869
594 870
594 875
595 594
596 597
597 617
597 618
598 597
599 600
600 597
601 597
602 597
603 604
604 611
604 613
604 616
605 604
606 604
607 604
608 604
609 604
610 604
611 612
612 597
613 614
613 615
614 597
615 597
616 597
617 619
618 619
619 730
619 731
619 762
619 763
619 770
619 771
619 773
619 774
619 775
619 776
619 782
619 785
619 789
619 800
619 801
619 802
619 804
619 805
619 806
619 810
619 811
619 820
619 821
619 823
619 824
619 853
620 622
621 622
622 623
622 624
623 619
624 619
625 619
626 619
627 619
628 619
629 619
630 619
631 619
632 619
633 619
634 636
635 636
636 637
636 638
637 619
638 619
639 619
640 619
641 642
641 643
641 645
642 644
643 644
644 646
645 644
646 647
647 648
648 619
649 651
650 651
651 652
652 653
653 654
654 655
655 656
656 619
657 659
658 659
659 661
660 659
661 677
661 678
661 680
661 681
661 682
661 683
661 684
662 663
663 664
663 669
663 670
664 665
665 666
666 667
667 668
668 671
669 668
670 668
671 672
671 674
671 675
672 673
673 661
674 676
675 676
676 673
677 679
678 679
679 619
680 619
681 619
682 619
683 685
684 685
685 686
686 687
686 688
687 619
688 619
689 619
690 691
690 692
690 694
691 693
692 693
693 696
694 695
695 693
696 697
696 698
697 699
698 699
699 700
699 702
699 717
700 701
701 703
701 704
701 706
701 707
701 708
701 709
701 714
701 715
702 701
703 705
704 705
705 718
705 723
706 705
707 705
708 710
709 710
710 711
710 713
711 712
712 705
713 705
714 716
715 716
716 705
717 705
718 719
719 720
719 721
720 722
721 722
722 619
723 619
724 725
724 726
725 619
726 619
727 619
728 619
729 619
730 732
731 732
732 733
733 734
733 750
733 753
733 754
734 735
735 736
736 737
736 738
736 741
736 747
737 739
738 739
739 740
740 758
740 761
741 742
741 743
742 744
743 744
744 745
745 746
746 748
746 749
747 746
748 740
749 740
750 751
751 752
752 755
752 756
752 757
753 752
754 752
755 740
756 740
757 740
758 759
759 760
760 859
761 760
762 764
763 764
764 765
764 766
765 767
766 767
767 768
768 769
769 777
769 778
769 780
769 781
770 772
771 772
772 769
773 769
774 769
775 769
776 769
777 779
778 779
779 760
780 779
781 760
782 783
783 784
784 760
785 786
785 787
786 788
787 788
788 807
788 808
788 809
789 790
790 791
790 792
791 793
792 793
793 794
794 795
795 796
796 797
797 798
798 799
799 788
800 788
801 788
802 803
803 788
804 803
805 803
806 788
807 760
808 760
809 760
810 812
811 812
812 813
812 814
813 815
814 815
815 816
816 817
816 818
817 819
818 819
819 825
819 826
820 819
821 822
822 819
823 819
824 819
825 827
826 827
827 828
827 829
827 831
827 832
828 830
829 830
830 833
830 837
830 842
830 843
831 830
832 830
833 834
833 835
834 836
835 836
836 844
836 845
837 838
837 839
837 841
838 840
839 840
840 836
841 836
842 836
843 836
844 846
845 846
846 847
846 848
846 852
847 760
848 849
848 850
849 851
850 851
851 760
852 760
853 854
853 855
853 856
853 857
853 858
854 760
855 760
856 760
857 760
858 760
859 860
860 861
860 862
860 864
861 863
862 863
863 896
863 897
863 899
863 900
863 916
864 863
865 863
866 867
867 876
867 877
867 879
867 880
867 881
867 882
867 884
867 885
868 867
869 867
870 871
870 872
870 873
870 874
871 867
872 867
873 867
874 867
875 867
876 878
877 878
878 886
878 887
878 890
878 891
879 878
880 878
881 883
882 883
883 878
884 883
885 878
886 888
887 888
888 889
889 892
889 893
889 894
890 889
891 889
892 863
893 895
894 895
895 863
896 898
897 898
898 918
898 919
898 922
898 923
898 924
898 929
898 930
898 932
898 972
898 973
898 986
898 987
898 988
898 989
898 990
898 994
898 995
899 898
900 901
900 902
900 904
900 909
900 910
901 903
902 903
903 905
903 906
904 903
905 907
906 907
907 908
908 898
909 911
910 911
911 912
912 913
913 914
913 915
914 898
915 898
916 917
917 898
918 920
919 920
920 921
921 925
921 927
921 928
922 921
923 921
924 921
925 926
926 933
927 926
928 926
929 931
930 931
931 926
932 926
933 934
934 935
934 937
935 936
936 938
937 936
938 939
938 940
938 942
938 943
938 944
938 945
938 946
939 941
940 941
941 947
941 948
941 971
942 941
943 941
944 941
945 941
946 941
947 949
948 949
949 950
949 953
950 951
951 952
952 966
952 968
952 969
952 970
953 954
954 955
954 957
954 958
954 959
955 956
956 961
957 956
958 956
959 960
960 956
961 962
962 963
962 964
963 965
964 965
965 952
966 967
967 211
968 967
969 967
970 211
971 211
972 974
973 974
974 975
975 976
976 977
977 978
977 979
977 985
978 980
979 980
980 981
981 982
981 983
982 984
983 984
984 1002
985 984
986 984
987 984
988 984
989 984
990 991
991 992
991 993
992 984
993 984
994 984
995 996
995 997
996 998
997 998
998 999
998 1000
998 1001
999 984
1000 984
1001 984
1002 211
