105
1 2
1 3
1 5
1 6
1 7
1 9
1 14
1 15
1 17
1 18
1 19
1 20
1 22
1 23
1 24
1 25
1 40
1 41
1 43
1 44
1 45
1 102
1 103
2 4
3 4
5 4
6 8
7 8
8 10
8 13
9 8
10 11
11 12
12 4
13 12
14 16
15 16
16 28
16 39
17 16
18 16
19 16
20 21
21 26
21 27
22 21
23 21
24 21
25 21
26 16
27 16
28 29
29 30
29 31
30 32
31 32
32 33
33 34
33 35
34 36
35 36
36 37
36 38
37 4
38 4
39 4
40 42
41 42
42 46
42 51
42 52
42 53
42 58
43 42
44 42
45 42
46 47
47 48
47 49
48 50
49 50
50 54
50 56
50 57
51 50
52 50
53 50
54 55
55 69
55 70
55 72
55 74
56 55
57 55
58 59
58 60
59 61
60 61
61 62
62 63
63 64
64 65
65 66
65 67
65 68
66 55
67 55
68 55
69 71
70 71
71 73
72 71
73 75
74 73
75 76
76 77
76 80
76 81
77 78
78 79
79 83
79 84
79 86
79 95
79 96
80 79
81 82
82 79
83 85
84 85
85 87
85 88
85 90
85 91
85 94
86 85
87 89
88 89
89 97
90 89
91 92
91 93
92 89
93 89
94 89
95 89
96 89
97 98
98 99
99 100
99 101
100 4
101 4
102 104
103 104
104 105
105 4
