1475
1 2
1 3
1 10
1 17
1 21
1 22
1 23
1 24
1 25
1 26
1 27
1 28
1 31
1 32
1 34
1 35
1 122
1 124
1 125
1 126
1 127
1 128
1 129
2 4
3 4
4 5
5 6
6 7
6 9
7 8
8 133
8 136
9 8
10 11
10 13
10 14
10 15
10 16
11 12
12 18
12 19
13 12
14 12
15 12
16 12
17 12
18 20
19 20
20 36
20 38
20 90
20 92
20 93
20 94
20 96
20 100
20 103
20 104
20 106
20 107
20 115
20 117
20 118
20 121
21 20
22 20
23 20
24 20
25 20
26 20
27 29
28 29
29 30
30 20
31 20
32 33
33 20
34 33
35 20
36 37
37 40
37 41
37 43
37 48
37 49
37 59
37 60
37 63
38 39
39 37
40 42
41 42
42 44
43 42
44 45
45 46
46 47
47 67
47 69
47 70
47 71
47 72
47 73
47 89
48 50
49 50
50 51
51 52
52 53
53 54
53 58
54 55
55 56
56 57
57 47
58 47
59 61
60 61
61 62
62 64
63 62
64 65
64 66
65 47
66 47
67 68
68 8
69 68
70 8
71 8
72 74
73 74
74 75
75 76
76 77
76 78
76 79
76 80
76 81
76 82
76 83
76 84
76 87
76 88
77 8
78 8
79 8
80 8
81 8
82 8
83 8
84 85
84 86
85 8
86 8
87 8
88 8
89 8
90 91
91 101
92 91
93 91
94 95
95 97
95 98
95 99
96 95
97 91
98 91
99 91
100 91
101 102
102 8
103 105
104 105
105 108
105 109
106 105
107 105
108 110
109 110
110 111
110 112
110 114
111 113
112 113
113 8
114 113
115 116
116 119
117 116
118 116
119 120
120 8
121 8
122 123
123 130
123 132
124 123
125 123
126 123
127 123
128 123
129 123
130 131
131 8
132 131
133 134
134 135
135 141
136 137
136 138
136 139
136 140
137 135
138 135
139 135
140 135
141 142
141 143
142 144
143 144
144 145
144 146
144 150
144 151
144 154
144 155
144 169
144 180
144 195
144 196
144 198
144 199
144 200
145 147
146 147
147 148
148 149
149 152
150 149
151 149
152 153
153 156
153 157
154 153
155 153
156 158
157 158
158 159
158 160
158 162
158 165
159 161
160 161
161 166
162 163
162 164
163 161
164 161
165 161
166 167
167 168
168 548
168 765
168 767
168 768
168 770
169 170
170 171
170 172
171 173
172 173
173 174
174 175
174 179
175 176
175 177
176 178
177 178
178 225
178 228
178 230
178 231
178 232
178 233
178 234
178 235
178 236
179 178
180 181
180 183
180 184
180 185
180 187
180 188
181 182
182 190
182 191
183 182
184 182
185 186
186 189
187 186
188 186
189 182
190 178
191 192
192 193
193 194
194 178
195 197
196 197
197 201
198 197
199 197
200 197
201 202
202 203
203 204
204 205
205 206
205 207
206 208
207 208
208 209
209 210
210 211
210 212
211 213
212 213
213 214
214 215
214 216
214 218
214 219
214 220
214 221
215 217
216 217
217 222
217 223
217 224
218 217
219 217
220 217
221 217
222 178
223 178
224 178
225 226
226 227
227 237
227 242
227 243
227 244
227 249
227 250
227 256
227 293
227 294
228 229
229 227
230 227
231 227
232 227
233 227
234 227
235 227
236 227
237 238
238 239
238 240
239 241
240 241
241 274
242 241
243 245
244 245
245 246
245 248
246 247
247 251
248 247
249 247
250 247
251 252
252 253
252 254
252 255
253 241
254 241
255 241
256 257
256 259
256 261
256 262
257 258
258 263
259 260
260 258
261 258
262 258
263 264
263 265
264 266
265 266
266 267
266 268
266 269
267 241
268 241
269 270
270 271
271 272
271 273
272 241
273 241
274 275
274 276
274 278
275 277
276 277
277 279
278 277
279 280
279 281
280 282
281 282
282 283
282 292
283 284
284 285
285 286
285 287
285 289
286 288
287 288
288 290
289 288
290 291
291 313
291 314
291 316
291 318
291 337
291 394
291 397
291 398
291 399
291 400
291 401
291 402
291 403
292 291
293 295
294 295
295 296
296 297
297 298
298 299
298 300
298 301
298 302
298 304
299 291
300 291
301 303
302 303
303 305
303 306
303 308
303 309
303 311
304 303
305 307
306 307
307 310
308 307
309 307
310 291
311 312
312 310
313 315
314 315
315 317
316 315
317 319
317 321
318 317
319 320
320 323
320 325
320 331
320 332
320 333
321 322
322 320
323 324
324 336
325 326
325 329
325 330
326 327
326 328
327 324
328 324
329 324
330 324
331 324
332 324
333 334
334 335
335 324
336 345
336 347
336 348
336 350
336 355
336 356
336 357
336 358
336 362
336 363
337 338
337 340
337 341
338 339
339 342
339 343
339 344
340 339
341 339
342 336
343 336
344 336
345 346
346 351
347 349
348 349
349 346
350 349
351 352
351 353
352 354
353 354
354 364
354 370
354 371
354 372
354 373
354 374
354 375
354 377
354 389
354 393
355 354
356 354
357 354
358 359
359 360
360 361
361 354
362 354
363 354
364 365
364 366
364 368
364 369
365 367
366 367
367 417
367 418
367 420
367 421
367 424
367 437
367 438
367 439
367 440
367 441
368 367
369 367
370 367
371 367
372 367
373 367
374 376
375 376
376 378
377 376
378 379
379 380
380 381
381 382
382 383
383 384
383 388
384 385
384 386
385 387
386 387
387 367
388 387
389 390
390 391
390 392
391 367
392 367
393 367
394 395
395 396
396 367
397 396
398 396
399 396
400 396
401 396
402 396
403 404
404 405
405 406
406 407
407 408
408 409
409 410
410 411
411 412
412 413
412 414
412 415
412 416
413 367
414 367
415 367
416 367
417 419
418 419
419 442
419 443
420 419
421 422
422 423
423 419
424 425
425 426
425 427
425 430
425 432
426 428
427 428
428 429
429 433
430 431
431 429
432 429
433 434
434 435
435 436
436 419
437 419
438 419
439 419
440 419
441 419
442 444
443 444
444 445
445 446
446 447
446 448
446 452
446 453
447 449
448 449
449 450
450 451
451 454
452 451
453 451
454 455
454 456
454 458
454 459
454 461
454 462
455 457
456 457
457 460
458 457
459 457
460 463
460 465
461 460
462 460
463 464
464 466
464 472
464 473
465 464
466 467
467 468
468 469
469 470
470 471
471 480
472 474
473 474
474 475
475 476
476 477
477 478
477 479
478 471
479 471
480 481
481 482
481 484
481 488
481 490
482 483
483 506
484 485
485 486
485 487
486 483
487 483
488 489
489 491
489 492
489 494
489 495
489 496
489 497
489 498
489 499
490 489
491 493
492 493
493 483
494 483
495 483
496 483
497 483
498 483
499 500
500 501
501 502
502 503
503 504
503 505
504 483
505 483
506 507
507 508
508 509
509 510
509 511
510 512
511 512
512 513
513 514
513 515
513 517
513 521
514 516
515 516
516 530
516 542
517 518
517 519
518 520
519 520
520 522
520 523
520 526
520 527
520 528
520 529
521 520
522 524
523 524
524 525
525 516
526 516
527 516
528 516
529 516
530 531
531 532
532 533
533 534
534 535
534 536
535 537
536 537
537 538
537 540
537 541
538 539
539 543
539 544
539 545
539 546
539 547
540 539
541 539
542 539
543 168
544 168
545 168
546 168
547 168
548 549
549 550
550 551
551 552
552 553
552 554
552 556
553 555
554 555
555 559
555 560
556 557
556 558
557 555
558 555
559 561
560 561
561 562
561 563
561 566
561 572
561 574
561 575
561 580
561 581
561 587
561 588
562 564
563 564
564 565
565 589
565 591
565 605
565 607
566 567
566 568
566 569
566 570
566 571
567 565
568 565
569 565
570 565
571 565
572 573
573 576
573 577
574 573
575 573
576 578
577 578
578 579
579 585
579 586
580 582
581 582
582 583
582 584
583 579
584 579
585 565
586 565
587 565
588 565
589 590
590 610
590 611
590 618
590 619
590 620
590 621
590 623
590 665
590 666
590 668
590 669
590 670
590 671
590 672
590 673
590 692
590 697
590 698
590 700
590 703
590 705
590 706
590 708
591 592
591 594
592 593
593 595
593 596
593 599
593 600
594 593
595 597
596 597
597 598
598 590
599 601
600 601
601 602
601 603
602 590
603 604
604 590
605 606
606 590
607 608
607 609
608 590
609 590
610 612
611 612
612 613
613 614
614 615
615 616
616 617
617 625
617 626
617 635
617 636
618 617
619 617
620 617
621 622
622 624
623 622
624 617
625 627
626 627
627 628
627 629
627 631
628 630
629 630
630 632
630 633
631 630
632 634
633 634
634 637
634 642
634 644
634 645
634 658
634 663
635 634
636 634
637 638
637 639
637 641
638 640
639 640
640 736
640 745
641 640
642 643
643 646
643 647
643 649
643 650
644 643
645 643
646 648
647 648
648 640
649 648
650 651
651 652
651 653
652 654
653 654
654 655
654 656
654 657
655 640
656 640
657 640
658 659
658 660
659 661
660 661
661 662
662 640
663 664
664 662
665 667
666 667
667 675
667 677
667 678
667 687
668 667
669 667
670 667
671 667
672 667
673 674
674 667
675 676
676 691
677 679
678 679
679 680
680 681
680 685
681 682
682 683
683 684
684 688
685 686
686 684
687 684
688 689
688 690
689 676
690 676
691 640
692 693
693 694
694 695
695 696
696 701
696 702
697 699
698 699
699 696
700 699
701 640
702 640
703 704
704 711
704 712
704 714
704 716
705 707
706 707
707 704
708 709
708 710
709 704
710 704
711 713
712 713
713 715
714 713
715 717
715 718
715 719
715 720
715 721
715 723
715 724
715 725
715 726
716 715
717 640
718 640
719 640
720 640
721 722
722 640
723 640
724 640
725 640
726 727
726 730
726 731
726 732
727 728
728 729
729 640
730 729
731 729
732 733
732 734
733 735
734 735
735 640
736 737
737 738
738 739
739 740
739 742
739 743
740 741
741 744
742 741
743 741
744 759
744 760
744 762
744 763
744 764
745 746
746 747
746 748
746 750
747 749
748 749
749 751
749 753
750 749
751 752
752 754
753 752
754 755
754 756
755 757
756 757
757 758
758 744
759 761
760 761
761 784
761 786
761 787
761 788
761 801
761 802
761 806
761 815
761 816
761 817
761 818
761 825
761 826
761 827
761 830
761 857
761 870
761 874
761 922
761 924
761 925
762 761
763 761
764 761
765 766
766 781
766 782
767 769
768 769
769 778
769 779
770 771
771 772
771 773
772 774
773 774
774 775
775 776
776 777
777 769
778 780
779 780
780 766
781 783
782 783
783 761
784 785
785 943
785 944
785 946
785 947
785 949
785 1064
785 1065
785 1067
785 1068
785 1070
785 1073
785 1171
785 1174
785 1175
785 1177
785 1229
785 1230
785 1231
785 1244
785 1245
785 1247
785 1248
785 1249
785 1263
785 1265
785 1266
785 1267
785 1269
785 1270
785 1272
785 1273
785 1474
785 1475
786 785
787 785
788 789
789 790
789 792
789 793
789 794
789 795
789 796
789 797
790 791
791 798
791 800
792 791
793 791
794 791
795 791
796 791
797 791
798 799
799 785
800 799
801 803
802 803
803 804
803 805
804 799
805 799
806 807
807 808
807 812
807 814
808 809
809 810
810 811
811 813
812 811
813 799
814 813
815 799
816 799
817 799
818 819
818 820
818 822
818 823
818 824
819 821
820 821
821 831
822 821
823 821
824 821
825 821
826 821
827 828
827 829
828 821
829 821
830 821
831 832
832 833
832 834
833 835
834 835
835 836
836 837
837 838
838 839
838 840
838 842
839 841
840 841
841 843
841 844
841 846
841 847
841 848
841 850
841 853
841 854
841 855
841 856
842 841
843 845
844 845
845 785
846 845
847 845
848 849
849 851
849 852
850 849
851 845
852 845
853 845
854 845
855 845
856 845
857 858
858 859
859 860
860 861
860 862
860 866
861 863
862 863
863 864
864 865
865 867
865 869
866 865
867 868
868 785
869 785
870 871
870 872
871 873
872 873
873 875
873 882
874 873
875 876
876 877
876 878
876 880
876 881
877 879
878 879
879 885
879 886
879 888
879 889
879 890
880 879
881 879
882 883
882 884
883 879
884 879
885 887
886 887
887 891
887 892
887 894
887 895
887 896
887 897
888 887
889 887
890 887
891 893
892 893
893 898
893 899
893 905
893 906
893 907
893 909
894 893
895 893
896 893
897 893
898 900
899 900
900 901
900 902
901 903
902 903
903 904
904 910
905 904
906 904
907 908
908 904
909 904
910 911
911 912
911 921
912 913
913 914
914 915
915 916
915 917
916 918
917 918
918 919
919 920
920 785
921 785
922 923
923 926
923 927
923 928
923 929
923 930
923 931
923 942
924 923
925 923
926 785
927 785
928 785
929 785
930 785
931 932
932 933
933 934
933 935
933 936
933 937
934 785
935 785
936 785
937 938
937 939
938 940
939 940
940 941
941 785
942 785
943 945
944 945
945 950
945 951
945 954
945 955
945 956
945 957
945 958
945 959
945 960
946 945
947 948
948 945
949 945
950 952
951 952
952 953
953 961
953 962
953 964
953 965
954 953
955 953
956 953
957 953
958 953
959 953
960 953
961 963
962 963
963 973
963 974
963 976
963 977
963 978
963 979
963 981
963 985
964 963
965 966
966 967
967 968
967 969
968 970
969 970
970 971
970 972
971 963
972 963
973 975
974 975
975 986
975 988
975 989
976 975
977 975
978 980
979 980
980 975
981 982
981 983
981 984
982 975
983 975
984 975
985 975
986 987
987 990
987 995
987 998
987 999
987 1001
987 1002
987 1012
987 1013
988 987
989 987
990 991
990 993
990 994
991 992
992 1014
992 1016
992 1020
992 1037
992 1039
992 1040
992 1043
992 1047
992 1048
992 1054
992 1055
992 1056
993 992
994 992
995 996
996 997
997 992
998 1000
999 1000
1000 1003
1000 1004
1001 1000
1002 1000
1003 1005
1004 1005
1005 1006
1005 1007
1006 1008
1007 1008
1008 1009
1009 1010
1009 1011
1010 992
1011 992
1012 992
1013 992
1014 1015
1015 1017
1015 1019
1016 1015
1017 1018
1018 1021
1018 1023
1018 1024
1018 1026
1018 1027
1018 1029
1018 1030
1018 1031
1018 1033
1018 1034
1019 1018
1020 1018
1021 1022
1023 1025
1024 1025
1025 1022
1026 1025
1027 1028
1028 1022
1029 1022
1030 1022
1031 1032
1032 1022
1033 1022
1034 1035
1034 1036
1035 1022
1036 1022
1037 1038
1038 1022
1039 1022
1040 1041
1041 1042
1042 1050
1043 1044
1044 1045
1045 1046
1046 1042
1047 1049
1048 1049
1049 1042
1050 1051
1051 1052
1051 1053
1052 1022
1053 1022
1054 1022
1055 1022
1056 1057
1057 1058
1057 1060
1057 1061
1057 1062
1057 1063
1058 1059
1059 1022
1060 1059
1061 1059
1062 1059
1063 1059
1064 1066
1065 1066
1066 1074
1066 1075
1066 1077
1067 1069
1068 1069
1069 1066
1070 1071
1071 1072
1072 1066
1073 1066
1074 1076
1075 1076
1076 1078
1076 1082
1076 1083
1077 1076
1078 1079
1078 1080
1079 1081
1080 1081
1081 1084
1082 1081
1083 1081
1084 1085
1085 1086
1085 1088
1086 1087
1087 1089
1087 1090
1087 1093
1087 1094
1087 1095
1087 1117
1087 1122
1087 1137
1087 1138
1087 1139
1087 1140
1087 1141
1087 1142
1087 1143
1087 1152
1087 1153
1087 1154
1087 1156
1087 1157
1088 1087
1089 1091
1090 1091
1091 1092
1092 1096
1093 1092
1094 1092
1095 1092
1096 1097
1096 1116
1097 1098
1097 1099
1097 1103
1097 1105
1098 1100
1099 1100
1100 1101
1101 1102
1102 1136
1103 1104
1104 1106
1105 1104
1106 1107
1107 1108
1107 1109
1107 1113
1107 1114
1107 1115
1108 1110
1109 1110
1110 1111
1110 1112
1111 1102
1112 1102
1113 1102
1114 1102
1115 1102
1116 1102
1117 1118
1118 1119
1119 1120
1120 1121
1121 1124
1121 1130
1121 1131
1121 1135
1122 1123
1123 1121
1124 1125
1125 1126
1126 1127
1127 1128
1128 1129
1129 1132
1129 1134
1130 1129
1131 1129
1132 1133
1133 1102
1134 1133
1135 1133
1136 1169
1136 1170
1137 1136
1138 1136
1139 1136
1140 1136
1141 1136
1142 1144
1143 1144
1144 1145
1145 1146
1145 1149
1146 1147
1147 1148
1148 1136
1149 1150
1150 1151
1151 1148
1152 1136
1153 1136
1154 1155
1155 1158
1155 1159
1156 1155
1157 1155
1158 1160
1159 1160
1160 1161
1161 1162
1162 1163
1163 1164
1163 1165
1164 1166
1165 1166
1166 1167
1166 1168
1167 1136
1168 1136
1169 1022
1170 1022
1171 1172
1172 1173
1173 1189
1174 1176
1175 1176
1176 1178
1176 1182
1176 1183
1176 1184
1176 1186
1176 1187
1176 1188
1177 1176
1178 1179
1178 1180
1179 1181
1180 1181
1181 1173
1182 1181
1183 1185
1184 1185
1185 1173
1186 1173
1187 1173
1188 1173
1189 1190
1190 1191
1190 1192
1190 1194
1190 1195
1190 1197
1190 1199
1191 1193
1192 1193
1193 1200
1193 1209
1193 1210
1193 1214
1193 1215
1194 1196
1195 1196
1196 1198
1197 1196
1198 1193
1199 1193
1200 1201
1200 1202
1200 1204
1200 1205
1200 1206
1200 1207
1201 1203
1202 1203
1203 1208
1204 1203
1205 1203
1206 1203
1207 1203
1208 1216
1209 1208
1210 1211
1211 1212
1212 1213
1213 1208
1214 1208
1215 1208
1216 1217
1216 1222
1216 1223
1216 1224
1216 1225
1216 1226
1216 1227
1217 1218
1218 1219
1218 1221
1219 1220
1220 1250
1220 1251
1221 1220
1222 1220
1223 1220
1224 1220
1225 1220
1226 1220
1227 1228
1228 1220
1229 1220
1230 1220
1231 1232
1232 1233
1233 1234
1234 1235
1235 1236
1236 1237
1237 1238
1237 1239
1238 1240
1239 1240
1240 1241
1240 1242
1240 1243
1241 1220
1242 1220
1243 1220
1244 1246
1245 1246
1246 1220
1247 1220
1248 1220
1249 1220
1250 1252
1251 1252
1252 1253
1253 1254
1254 1255
1254 1256
1254 1262
1255 1257
1256 1257
1257 1258
1258 1259
1259 1260
1259 1261
1260 1022
1261 1022
1262 1022
1263 1264
1264 1274
1264 1295
1264 1299
1264 1300
1264 1301
1264 1317
1264 1319
1264 1351
1264 1352
1264 1353
1264 1354
1264 1355
1264 1356
1264 1404
1264 1405
1264 1413
1264 1414
1264 1415
1264 1416
1264 1417
1264 1418
1264 1420
1264 1427
1264 1428
1264 1429
1265 1264
1266 1264
1267 1268
1268 1264
1269 1268
1270 1271
1271 1264
1272 1264
1273 1264
1274 1275
1275 1276
1276 1277
1276 1278
1276 1280
1276 1281
1277 1279
1278 1279
1279 1282
1279 1284
1279 1286
1280 1279
1281 1279
1282 1283
1283 1285
1284 1283
1285 1287
1285 1288
1286 1285
1287 1289
1288 1289
1289 1290
1289 1293
1290 1291
1291 1292
1292 1302
1293 1294
1294 1292
1295 1296
1296 1297
1297 1298
1298 1292
1299 1292
1300 1292
1301 1292
1302 1303
1303 1304
1303 1306
1304 1305
1305 1307
1305 1308
1305 1310
1306 1305
1307 1309
1308 1309
1309 1311
1309 1312
1309 1313
1309 1314
1309 1315
1309 1316
1310 1309
1311 1022
1312 1022
1313 1022
1314 1022
1315 1022
1316 1022
1317 1318
1318 1320
1318 1321
1318 1323
1318 1324
1318 1326
1318 1340
1319 1318
1320 1322
1321 1322
1322 1327
1322 1329
1323 1325
1324 1325
1325 1322
1326 1322
1327 1328
1328 1330
1329 1328
1330 1331
1330 1336
1330 1337
1331 1332
1331 1333
1332 1334
1333 1334
1334 1335
1335 1341
1335 1342
1335 1344
1336 1338
1337 1338
1338 1339
1339 1335
1340 1335
1341 1343
1342 1343
1343 1345
1343 1349
1343 1350
1344 1343
1345 1346
1346 1347
1347 1348
1348 1022
1349 1022
1350 1022
1351 1022
1352 1022
1353 1022
1354 1022
1355 1357
1356 1357
1357 1358
1357 1359
1357 1360
1357 1365
1357 1376
1357 1378
1357 1379
1357 1380
1357 1381
1357 1382
1357 1384
1357 1385
1357 1386
1357 1389
1357 1390
1357 1395
1357 1396
1357 1397
1357 1399
1357 1400
1357 1402
1357 1403
1358 1022
1359 1361
1360 1361
1361 1362
1361 1363
1362 1364
1363 1364
1364 1022
1365 1366
1366 1367
1367 1368
1368 1369
1369 1370
1369 1372
1369 1373
1369 1374
1369 1375
1370 1371
1371 1022
1372 1022
1373 1022
1374 1022
1375 1022
1376 1377
1377 1022
1378 1022
1379 1022
1380 1022
1381 1383
1382 1383
1383 1022
1384 1383
1385 1022
1386 1387
1386 1388
1387 1022
1388 1022
1389 1022
1390 1391
1391 1392
1391 1393
1392 1394
1393 1394
1394 1022
1395 1022
1396 1398
1397 1398
1398 1022
1399 1022
1400 1401
1401 1022
1402 1401
1403 1022
1404 1406
1405 1406
1406 1407
1406 1408
1406 1409
1406 1410
1406 1411
1406 1412
1407 1022
1408 1022
1409 1022
1410 1022
1411 1022
1412 1022
1413 1022
1414 1022
1415 1022
1416 1022
1417 1022
1418 1419
1419 1421
1420 1419
1421 1422
1422 1423
1423 1424
1423 1425
1424 1426
1425 1426
1426 1432
1426 1435
1426 1436
1426 1438
1426 1439
1426 1441
1426 1447
1426 1448
1426 1472
1427 1426
1428 1426
1429 1430
1430 1431
1431 1426
1432 1433
1433 1434
1434 1445
1434 1446
1435 1437
1436 1437
1437 1434
1438 1440
1439 1440
1440 1442
1441 1440
1442 1443
1443 1444
1444 1434
1445 1022
1446 1022
1447 1449
1448 1449
1449 1450
1449 1464
1450 1451
1451 1452
1452 1453
1453 1454
1454 1455
1454 1459
1454 1460
1454 1461
1454 1462
1455 1456
1456 1457
1457 1458
1458 1463
1459 1458
1460 1458
1461 1458
1462 1458
1463 1465
1464 1463
1465 1466
1466 1467
1466 1468
1467 1469
1468 1469
1469 1470
1470 1471
1471 1022
1472 1473
1473 1022
1474 1022
1475 1022
