2005
1 2
1 4
1 5
1 140
1 142
1 170
1 171
1 172
1 173
1 175
1 179
1 180
1 181
1 187
1 195
1 553
1 554
1 577
1 579
1 580
1 581
1 586
1 618
1 644
1 645
1 646
1 649
1 650
1 651
1 652
1 654
1 655
1 656
1 658
1 668
1 670
1 672
1 675
1 677
1 678
1 1491
1 1492
1 1494
1 1612
1 1640
2 3
3 27
3 28
3 35
3 71
4 6
5 6
6 7
6 8
6 10
7 9
8 9
9 11
10 9
11 12
12 13
12 14
12 16
13 15
14 15
15 17
16 15
17 18
18 19
19 20
20 21
21 22
21 23
21 24
21 25
21 26
22 3
23 3
24 3
25 3
26 3
27 29
28 29
29 30
30 31
30 33
30 34
31 32
32 41
32 42
32 44
32 45
32 46
33 32
34 32
35 36
36 37
36 38
37 39
38 39
39 40
40 32
41 43
42 43
43 47
43 49
43 51
43 54
43 60
43 70
44 43
45 43
46 43
47 48
48 68
49 50
50 61
50 62
50 63
50 64
51 52
51 53
52 50
53 50
54 55
54 56
55 57
56 57
57 58
57 59
58 50
59 50
60 50
61 48
62 48
63 48
64 65
65 66
65 67
66 48
67 48
68 69
69 75
69 79
69 80
69 85
69 86
69 87
69 88
69 90
69 96
69 99
69 100
69 101
69 102
69 103
70 69
71 72
72 73
72 74
73 69
74 69
75 76
75 77
76 78
77 78
78 97
79 81
80 81
81 82
81 83
82 84
83 84
84 78
85 84
86 78
87 89
88 89
89 91
90 89
91 92
92 93
92 94
92 95
93 78
94 78
95 78
96 78
97 98
98 104
98 106
99 98
100 98
101 98
102 98
103 98
104 105
105 107
105 120
106 105
107 108
107 109
107 111
107 112
107 113
107 114
107 115
107 116
108 110
109 110
110 118
111 110
112 110
113 110
114 110
115 117
116 117
117 110
118 119
119 127
119 128
119 133
119 134
120 121
121 122
122 123
122 124
122 125
123 119
124 119
125 126
126 119
127 129
128 129
129 130
129 131
130 132
131 132
132 135
133 132
134 132
135 136
136 137
136 138
137 139
138 139
139 431
140 141
141 143
141 144
142 141
143 145
144 145
145 146
146 147
147 148
147 155
148 149
149 150
150 151
151 152
151 153
152 154
153 154
154 156
154 157
154 159
154 161
154 162
154 163
154 164
154 165
154 166
154 168
154 169
155 154
156 158
157 158
158 160
159 158
160 139
161 139
162 139
163 139
164 139
165 139
166 167
167 139
168 139
169 139
170 139
171 139
172 174
173 174
174 176
174 177
174 178
175 174
176 139
177 139
178 139
179 139
180 139
181 182
181 186
182 183
183 184
184 185
185 212
185 213
185 215
185 221
185 222
185 225
185 226
185 228
185 229
185 230
185 231
186 185
187 188
187 189
187 191
187 194
188 190
189 190
190 192
190 193
191 190
192 185
193 185
194 185
195 196
195 203
196 197
196 201
196 202
197 198
197 199
198 200
199 200
200 204
201 200
202 200
203 200
204 205
205 206
205 207
205 210
206 208
207 208
208 209
209 211
210 209
211 185
212 214
213 214
214 216
214 217
214 220
215 214
216 218
217 218
218 219
219 256
219 257
219 267
219 328
219 329
219 330
219 417
219 427
219 428
219 429
220 219
221 219
222 223
223 224
224 232
225 227
226 227
227 224
228 224
229 224
230 224
231 224
232 233
233 234
233 238
233 240
233 241
234 235
234 236
235 237
236 237
237 239
238 237
239 254
239 255
240 239
241 242
242 243
242 244
243 245
244 245
245 246
245 247
245 250
246 248
247 248
248 249
249 252
249 253
250 251
251 249
252 239
253 239
254 219
255 219
256 139
257 258
257 259
258 260
259 260
260 261
260 264
261 262
262 263
263 265
264 263
265 266
266 139
267 268
268 269
268 274
268 275
268 276
268 277
268 279
268 281
268 283
268 298
268 303
268 315
268 316
268 319
269 270
269 271
269 273
270 272
271 272
272 278
273 272
274 272
275 272
276 272
277 272
278 284
278 285
278 287
278 291
278 292
278 293
278 294
279 280
280 278
281 282
282 278
283 278
284 286
285 286
286 288
287 286
288 289
288 290
289 139
290 139
291 139
292 139
293 295
294 295
295 296
295 297
296 139
297 139
298 299
298 300
298 302
299 301
300 301
301 304
302 301
303 301
304 305
305 306
305 307
306 308
307 308
308 309
308 310
308 311
308 312
308 314
309 139
310 139
311 313
312 313
313 139
314 313
315 317
316 317
317 318
318 320
318 323
318 324
319 318
320 321
321 322
322 326
322 327
323 325
324 325
325 322
326 139
327 139
328 139
329 139
330 331
331 332
332 333
333 334
334 335
335 336
336 337
337 338
337 339
337 341
338 340
339 340
340 342
340 344
340 345
340 346
340 347
340 348
340 349
340 350
341 340
342 343
343 351
343 354
343 355
343 356
344 343
345 343
346 343
347 343
348 343
349 343
350 343
351 352
352 353
353 357
353 358
354 353
355 353
356 353
357 359
358 359
359 360
359 362
359 363
359 364
359 365
359 367
359 368
359 369
359 383
359 384
359 386
359 399
360 361
361 371
362 361
363 361
364 366
365 366
366 361
367 366
368 366
369 370
370 366
371 372
372 373
372 375
372 376
372 377
373 374
374 378
375 374
376 374
377 374
378 379
379 380
379 381
380 382
381 382
382 400
382 403
382 404
382 405
383 385
384 385
385 387
386 385
387 388
388 389
388 391
389 390
390 392
390 393
390 398
391 390
392 394
393 394
394 395
394 396
395 397
396 397
397 382
398 382
399 382
400 401
401 402
402 406
402 407
403 402
404 402
405 402
406 408
407 408
408 409
409 410
410 411
411 412
411 415
411 416
412 413
413 414
414 139
415 414
416 414
417 418
418 419
418 421
419 420
420 422
420 424
421 420
422 423
423 425
423 426
424 423
425 139
426 139
427 139
428 139
429 430
430 139
431 432
431 434
431 435
432 433
433 436
433 438
433 439
433 440
433 441
433 442
433 443
433 448
433 449
433 450
433 451
433 452
433 455
433 456
433 461
433 463
433 464
433 465
433 467
433 495
433 496
433 506
433 508
434 433
435 433
436 437
437 444
438 437
439 437
440 437
441 437
442 437
443 437
444 445
445 446
446 447
447 460
448 447
449 447
450 447
451 447
452 453
453 454
454 447
455 447
456 457
457 458
457 459
458 447
459 447
461 462
462 468
463 462
464 462
465 466
466 462
467 462
468 469
469 470
470 471
471 472
472 473
472 474
472 476
473 475
474 475
475 477
476 475
477 478
477 479
477 481
477 485
477 486
478 480
479 480
480 487
480 488
480 490
480 492
480 493
480 494
481 482
482 483
483 484
484 480
485 480
486 480
487 489
488 489
489 460
490 491
491 489
492 489
493 489
494 489
495 460
496 497
497 498
497 499
497 505
498 500
499 500
500 501
500 503
500 504
501 502
502 509
502 510
502 512
502 513
502 525
502 538
503 502
504 502
505 502
506 507
507 502
508 507
509 511
510 511
511 514
511 515
511 517
511 518
511 520
511 522
512 511
513 511
514 516
515 516
516 524
517 519
518 519
519 521
520 519
521 523
522 521
523 516
524 539
524 542
524 543
524 544
524 545
524 547
524 548
525 526
525 530
525 531
525 532
525 535
525 536
525 537
526 527
526 528
527 529
528 529
529 524
530 524
531 524
532 533
533 534
534 524
535 524
536 524
537 524
538 524
539 540
540 541
541 549
541 550
542 541
543 541
544 546
545 546
546 541
547 541
548 541
549 551
550 551
551 552
552 460
553 555
554 555
555 556
555 557
555 559
555 560
555 562
556 558
557 558
558 563
558 565
558 568
558 569
558 570
558 571
559 561
560 561
561 558
562 561
563 564
564 566
565 564
566 567
567 574
567 575
568 567
569 567
570 572
571 572
572 573
573 567
574 576
575 576
576 595
576 612
576 613
576 614
576 615
576 616
576 617
577 578
578 587
578 592
579 578
580 578
581 582
582 583
582 584
582 585
583 578
584 578
585 578
586 578
587 588
588 589
588 590
589 591
590 591
591 576
592 593
592 594
593 576
594 576
595 596
595 597
595 599
595 604
595 605
595 606
595 607
595 608
595 609
595 610
595 611
596 598
597 598
598 603
599 600
600 601
600 602
601 598
602 598
603 460
604 603
605 603
606 603
607 603
608 603
609 603
610 603
611 603
612 460
613 460
614 460
615 460
616 460
617 460
618 619
618 620
618 622
618 623
619 621
620 621
621 631
621 633
621 634
621 639
621 640
621 643
622 621
623 624
624 625
625 626
625 627
625 628
625 629
625 630
626 621
627 621
628 621
629 621
630 621
631 632
632 635
633 632
634 632
635 636
636 637
637 638
638 823
638 836
638 842
638 843
638 844
638 846
638 847
638 849
638 894
638 897
638 898
638 899
638 906
638 907
638 909
638 910
638 912
638 913
638 914
638 916
638 917
638 921
638 925
638 965
638 966
638 971
639 641
640 641
641 642
642 638
643 638
644 638
645 638
646 647
647 648
648 702
649 648
650 648
651 648
652 653
653 648
654 648
655 648
656 657
657 659
658 657
659 660
659 661
660 662
661 662
662 663
662 664
662 666
663 665
664 665
665 667
666 665
667 648
668 669
669 680
669 685
670 671
671 669
672 673
673 674
674 676
675 674
676 679
677 676
678 676
679 669
680 681
680 684
681 682
682 683
683 686
684 683
685 683
686 687
687 688
687 689
688 690
689 690
690 691
691 692
692 693
693 694
694 695
695 696
696 697
696 698
697 699
698 699
699 700
699 701
700 648
701 648
702 703
703 704
704 705
705 706
705 708
705 709
705 710
705 711
705 712
705 713
705 714
706 707
707 737
707 740
707 741
707 742
707 771
707 772
707 774
707 775
707 818
708 707
709 707
710 707
711 707
712 707
713 715
714 715
715 716
716 717
717 718
717 719
717 725
718 720
719 720
720 721
721 722
722 723
723 724
724 726
724 727
724 729
724 731
725 724
726 728
727 728
728 730
729 728
730 732
731 730
732 733
733 734
733 736
734 735
735 707
736 735
737 738
738 739
739 743
739 745
740 739
741 739
742 739
743 744
744 746
745 744
746 747
747 748
747 749
747 755
748 750
749 750
750 751
751 752
751 753
752 754
753 754
754 756
754 757
754 759
754 766
754 767
754 768
755 754
756 758
757 758
758 760
758 763
758 764
759 758
760 761
760 762
761 638
762 638
763 638
764 765
765 638
766 638
767 638
768 769
768 770
769 638
770 638
771 773
772 773
773 776
773 787
773 788
773 791
773 792
773 794
773 795
773 796
773 797
773 798
773 809
774 773
775 773
776 777
776 780
776 781
776 786
777 778
777 779
778 638
779 638
780 638
781 782
782 783
782 784
782 785
783 638
784 638
785 638
786 638
787 789
788 789
789 790
790 799
791 793
792 793
793 790
794 790
795 790
796 790
797 790
798 790
799 800
799 801
800 802
801 802
802 803
802 804
802 806
803 805
804 805
805 807
805 808
806 805
807 638
808 638
809 810
809 812
809 813
809 814
809 815
810 811
811 816
811 817
812 811
813 811
814 811
815 811
816 638
817 638
818 819
818 820
819 821
820 821
821 822
822 638
823 824
823 826
823 827
823 828
823 829
824 825
825 830
825 832
826 825
827 825
828 825
829 825
830 831
831 890
832 833
832 834
833 835
834 835
835 831
836 837
836 839
836 840
837 838
838 841
839 838
840 838
841 831
842 831
843 831
844 845
845 831
846 848
847 848
848 850
848 851
848 853
848 856
848 857
848 858
848 859
848 866
848 867
848 869
848 870
848 871
849 848
850 852
851 852
852 877
852 878
852 879
853 854
854 855
855 861
855 862
855 865
856 855
857 855
858 860
859 860
860 855
861 863
862 863
863 864
864 875
864 876
865 864
866 868
867 868
868 872
868 873
868 874
869 868
870 868
871 868
872 864
873 864
874 864
875 852
876 852
877 831
878 880
879 880
880 881
880 882
880 884
880 885
881 883
882 883
883 886
883 887
883 888
883 889
884 883
885 883
886 831
887 831
888 831
889 831
890 891
890 892
891 893
892 893
893 932
893 933
894 895
895 896
896 929
896 930
896 931
897 896
898 896
899 900
900 901
900 902
900 903
901 896
902 904
903 904
904 905
905 896
906 908
907 908
908 896
909 896
910 911
911 896
912 896
913 915
914 915
915 918
915 919
916 915
917 915
918 896
919 920
920 896
921 922
921 923
921 924
922 896
923 896
924 896
925 926
926 927
926 928
927 896
928 896
929 893
930 893
931 893
932 934
933 934
934 935
935 936
935 951
935 952
935 954
935 955
936 937
937 938
937 940
938 939
939 941
940 939
941 942
941 944
942 943
943 945
943 946
944 943
945 947
946 947
947 948
948 949
949 950
950 977
950 978
950 1074
951 953
952 953
953 957
953 960
953 961
954 953
955 956
956 953
957 958
958 959
959 950
960 950
961 962
962 963
962 964
963 950
964 950
965 967
966 967
967 968
967 969
968 970
969 970
970 972
971 970
972 973
972 975
973 974
974 976
975 974
976 950
977 979
978 979
979 980
979 982
979 983
980 981
981 984
981 985
981 987
981 988
981 989
981 990
981 991
981 1004
981 1005
981 1007
981 1019
981 1022
982 981
983 981
984 986
985 986
986 992
987 986
988 986
989 986
990 986
991 986
992 993
993 994
993 999
994 995
995 996
995 998
996 997
997 1000
997 1003
998 997
999 997
1000 1001
1001 1002
1002 1108
1002 1109
1002 1113
1002 1116
1002 1119
1002 1123
1002 1124
1002 1125
1002 1127
1002 1134
1002 1136
1002 1137
1002 1138
1002 1140
1002 1141
1002 1142
1002 1147
1002 1171
1002 1176
1002 1177
1003 1002
1004 1006
1005 1006
1006 1008
1007 1006
1008 1009
1008 1010
1009 1011
1010 1011
1011 1012
1011 1014
1011 1015
1012 1013
1013 1016
1013 1018
1014 1013
1015 1013
1016 1017
1017 1024
1017 1025
1017 1035
1017 1036
1017 1057
1017 1061
1017 1062
1018 1017
1019 1020
1020 1021
1021 1023
1022 1021
1023 1017
1024 1026
1025 1026
1026 1027
1026 1028
1027 1029
1028 1029
1029 1030
1030 1031
1031 1032
1031 1033
1032 1034
1033 1034
1034 1063
1034 1065
1034 1071
1034 1072
1034 1073
1035 1037
1036 1037
1037 1038
1037 1039
1037 1041
1037 1042
1038 1040
1039 1040
1040 1043
1040 1044
1041 1040
1042 1040
1043 1045
1044 1045
1045 1046
1045 1047
1045 1049
1046 1048
1047 1048
1048 1050
1048 1051
1048 1053
1048 1054
1048 1055
1048 1056
1049 1048
1050 1052
1051 1052
1052 1034
1053 1052
1054 1052
1055 1052
1056 1034
1057 1058
1057 1060
1058 1059
1059 1034
1060 1059
1061 1059
1062 1059
1063 1064
1064 1066
1064 1069
1064 1070
1065 1064
1066 1067
1066 1068
1067 1002
1068 1002
1069 1002
1070 1002
1071 1002
1072 1002
1073 1002
1074 1075
1074 1077
1075 1076
1076 1078
1077 1076
1078 1079
1079 1080
1080 1081
1081 1082
1082 1083
1083 1084
1084 1085
1084 1086
1085 1087
1086 1087
1087 1088
1088 1089
1088 1091
1088 1092
1088 1093
1089 1090
1090 1094
1090 1095
1090 1096
1090 1097
1090 1102
1090 1103
1090 1104
1090 1105
1090 1106
1090 1107
1091 1090
1092 1090
1093 1090
1094 1002
1095 1002
1096 1002
1097 1098
1098 1099
1099 1100
1099 1101
1100 1002
1101 1002
1102 1002
1103 1002
1104 1002
1105 1002
1106 1002
1107 1002
1108 1110
1109 1110
1110 1111
1111 1112
1112 1114
1113 1112
1114 1115
1115 1178
1115 1180
1115 1181
1115 1182
1115 1183
1116 1117
1117 1118
1118 1120
1118 1121
1119 1118
1120 1122
1121 1122
1122 1115
1123 1122
1124 1115
1125 1126
1126 1128
1126 1129
1127 1126
1128 1130
1129 1130
1130 1131
1130 1133
1131 1132
1132 1115
1133 1115
1134 1135
1135 1115
1136 1115
1137 1115
1138 1139
1139 1115
1140 1139
1141 1139
1142 1143
1143 1144
1144 1145
1145 1146
1146 1148
1146 1149
1146 1151
1147 1146
1148 1150
1149 1150
1150 1152
1151 1150
1152 1153
1152 1156
1153 1154
1154 1155
1155 1157
1156 1155
1157 1158
1158 1159
1159 1160
1160 1161
1161 1162
1161 1166
1161 1167
1161 1168
1161 1169
1161 1170
1162 1163
1162 1164
1163 1165
1164 1165
1165 1115
1166 1165
1167 1165
1168 1165
1169 1165
1170 1165
1171 1172
1172 1173
1172 1174
1172 1175
1173 1115
1174 1115
1175 1115
1176 1115
1177 1115
1178 1179
1179 1184
1179 1185
1179 1194
1179 1195
1180 1179
1181 1179
1182 1179
1183 1179
1184 1186
1185 1186
1186 1187
1187 1188
1187 1189
1188 1190
1189 1190
1190 1191
1191 1192
1192 1193
1193 1196
1193 1200
1193 1224
1193 1225
1193 1226
1193 1228
1193 1230
1193 1240
1193 1311
1193 1312
1193 1314
1194 1193
1195 1193
1196 1197
1196 1199
1197 1198
1198 1459
1198 1460
1198 1462
1198 1463
1198 1464
1198 1466
1198 1489
1198 1490
1199 1198
1200 1201
1200 1203
1200 1204
1201 1202
1202 1205
1202 1206
1202 1208
1203 1202
1204 1202
1205 1207
1206 1207
1207 1209
1207 1210
1207 1212
1207 1215
1207 1216
1208 1207
1209 1211
1210 1211
1211 1217
1212 1213
1212 1214
1213 1211
1214 1211
1215 1211
1216 1211
1217 1218
1218 1219
1219 1220
1219 1222
1219 1223
1220 1221
1221 1250
1221 1252
1221 1254
1221 1255
1221 1256
1221 1257
1221 1258
1221 1259
1221 1260
1221 1261
1221 1262
1221 1267
1222 1221
1223 1221
1224 1221
1225 1221
1226 1227
1227 1221
1228 1229
1229 1231
1230 1229
1231 1232
1231 1233
1231 1235
1231 1236
1231 1237
1231 1238
1231 1239
1232 1234
1233 1234
1234 1247
1235 1234
1236 1234
1237 1234
1238 1234
1239 1234
1240 1241
1241 1242
1242 1243
1243 1244
1243 1245
1243 1246
1244 1234
1245 1234
1246 1234
1247 1248
1247 1249
1248 1221
1249 1221
1250 1251
1251 1253
1252 1251
1253 1282
1253 1283
1254 1253
1255 1253
1256 1253
1257 1253
1258 1253
1259 1253
1260 1253
1261 1263
1262 1263
1263 1264
1263 1266
1264 1265
1265 1253
1266 1265
1267 1268
1268 1269
1268 1270
1268 1275
1269 1271
1270 1271
1271 1272
1271 1273
1272 1274
1273 1274
1274 1277
1274 1278
1274 1280
1275 1276
1276 1274
1277 1279
1278 1279
1279 1281
1280 1279
1281 1253
1282 1284
1283 1284
1284 1285
1284 1287
1285 1286
1286 1288
1287 1286
1288 1289
1289 1290
1289 1295
1289 1296
1290 1291
1291 1292
1291 1293
1292 1294
1293 1294
1294 1298
1295 1297
1296 1297
1297 1294
1298 1299
1299 1300
1300 1301
1301 1302
1302 1303
1303 1304
1304 1305
1304 1307
1305 1306
1306 1308
1306 1309
1306 1310
1307 1306
1308 1198
1309 1198
1310 1198
1311 1313
1312 1313
1313 1333
1314 1315
1315 1316
1316 1317
1316 1318
1317 1319
1318 1319
1319 1320
1319 1321
1320 1322
1321 1322
1322 1323
1323 1324
1323 1325
1324 1326
1325 1326
1326 1327
1326 1330
1327 1328
1328 1329
1329 1313
1330 1331
1330 1332
1331 1313
1332 1313
1333 1334
1334 1335
1335 1336
1335 1339
1335 1340
1335 1341
1335 1342
1335 1343
1335 1344
1335 1345
1335 1350
1335 1351
1336 1337
1337 1338
1338 1352
1338 1354
1338 1359
1338 1363
1338 1364
1339 1338
1340 1338
1341 1338
1342 1338
1343 1338
1344 1346
1345 1346
1346 1347
1346 1348
1347 1349
1348 1349
1349 1338
1350 1338
1351 1338
1352 1353
1353 1355
1353 1358
1354 1353
1355 1356
1356 1357
1357 1384
1357 1385
1357 1387
1357 1388
1358 1357
1359 1360
1359 1361
1360 1362
1361 1362
1362 1373
1363 1362
1364 1365
1364 1366
1365 1367
1366 1367
1367 1368
1367 1369
1367 1370
1367 1371
1367 1372
1368 1362
1369 1362
1370 1362
1371 1362
1372 1362
1373 1374
1374 1375
1375 1376
1376 1377
1377 1378
1378 1379
1378 1381
1379 1380
1380 1382
1381 1380
1382 1383
1383 1357
1384 1386
1385 1386
1386 1389
1386 1392
1386 1393
1386 1394
1386 1395
1386 1396
1386 1397
1386 1398
1386 1400
1386 1404
1386 1439
1386 1440
1386 1442
1386 1455
1386 1457
1386 1458
1387 1386
1388 1386
1389 1390
1390 1391
1391 1419
1392 1391
1393 1391
1394 1391
1395 1391
1396 1391
1397 1391
1398 1399
1399 1401
1399 1403
1400 1399
1401 1402
1402 1391
1403 1402
1404 1405
1405 1406
1406 1407
1406 1411
1407 1408
1408 1409
1409 1410
1410 1412
1410 1414
1411 1410
1412 1413
1413 1415
1413 1416
1413 1417
1413 1418
1414 1413
1415 1391
1416 1391
1417 1391
1418 1391
1419 1420
1420 1421
1421 1422
1422 1423
1422 1428
1422 1429
1422 1431
1422 1438
1423 1424
1424 1425
1424 1426
1425 1427
1426 1427
1427 1198
1428 1430
1429 1430
1430 1432
1431 1430
1432 1433
1433 1434
1433 1435
1434 1436
1435 1436
1436 1437
1437 1198
1438 1198
1439 1441
1440 1441
1441 1443
1441 1449
1442 1441
1443 1444
1443 1445
1443 1447
1444 1446
1445 1446
1446 1448
1447 1446
1448 1450
1449 1448
1450 1451
1450 1452
1451 1453
1452 1453
1453 1454
1454 1198
1455 1456
1456 1198
1457 1456
1458 1198
1459 1461
1460 1461
1461 1465
1462 1461
1463 1461
1464 1461
1465 1473
1465 1474
1465 1476
1466 1467
1467 1468
1467 1469
1467 1470
1467 1471
1468 1465
1469 1465
1470 1472
1471 1472
1472 1465
1473 1475
1474 1475
1475 1477
1475 1478
1475 1480
1476 1475
1477 1479
1478 1479
1479 1481
1479 1485
1479 1486
1479 1487
1480 1479
1481 1482
1481 1484
1482 1483
1483 460
1484 1483
1485 460
1486 1488
1487 1488
1488 460
1489 460
1490 460
1491 1493
1492 1493
1493 1495
1493 1496
1493 1498
1493 1500
1493 1501
1493 1502
1493 1510
1494 1493
1495 1497
1496 1497
1497 1511
1497 1512
1498 1499
1499 1503
1499 1507
1500 1499
1501 1499
1502 1499
1503 1504
1503 1505
1504 1506
1505 1506
1506 1508
1506 1509
1507 1506
1508 1497
1509 1497
1510 1497
1511 1513
1512 1513
1513 1514
1513 1515
1514 1516
1515 1516
1516 1517
1516 1522
1517 1518
1518 1519
1518 1520
1519 1521
1520 1521
1521 1523
1521 1524
1521 1526
1521 1527
1522 1521
1523 1525
1524 1525
1525 1528
1526 1525
1527 1525
1528 1529
1529 1530
1529 1539
1529 1540
1529 1553
1530 1531
1530 1533
1530 1534
1530 1537
1530 1538
1531 1532
1532 1558
1532 1560
1532 1561
1532 1576
1532 1577
1532 1578
1533 1532
1534 1535
1534 1536
1535 1532
1536 1532
1537 1532
1538 1532
1539 1541
1540 1541
1541 1542
1541 1543
1541 1545
1541 1552
1542 1544
1543 1544
1544 1554
1544 1557
1545 1546
1546 1547
1546 1548
1547 1549
1548 1549
1549 1550
1550 1551
1551 1544
1552 1544
1553 1544
1554 1555
1554 1556
1555 1532
1556 1532
1557 1532
1558 1559
1559 1562
1559 1563
1560 1559
1561 1559
1562 1564
1563 1564
1564 1565
1565 1566
1566 1567
1566 1568
1567 1569
1568 1569
1569 1570
1570 1571
1571 1572
1572 1573
1572 1575
1573 1574
1574 1579
1574 1580
1574 1582
1574 1583
1574 1584
1574 1599
1574 1600
1574 1601
1574 1603
1574 1609
1574 1610
1575 1574
1576 1574
1577 1574
1578 1574
1579 1581
1580 1581
1581 1585
1582 1581
1583 1581
1584 1581
1585 1586
1585 1587
1585 1591
1586 1588
1587 1588
1588 1589
1589 1590
1590 1592
1590 1594
1590 1598
1591 1590
1592 1593
1593 1595
1594 1593
1595 1596
1596 1597
1597 1748
1597 1778
1597 1779
1597 1780
1597 1781
1597 1783
1597 1791
1597 1793
1597 1794
1597 1801
1597 1820
1597 1822
1597 1823
1597 1825
1597 1847
1597 1848
1597 1850
1597 1851
1597 1852
1597 1853
1597 1855
1597 1857
1597 1858
1598 1597
1599 1597
1600 1597
1601 1602
1602 1604
1603 1602
1604 1605
1605 1606
1605 1607
1605 1608
1606 1597
1607 1597
1608 1597
1609 1611
1610 1611
1611 1597
1612 1613
1612 1614
1612 1616
1612 1623
1612 1624
1612 1626
1613 1615
1614 1615
1615 1617
1615 1621
1616 1615
1617 1618
1617 1620
1618 1619
1619 1632
1620 1619
1621 1622
1622 1619
1623 1625
1624 1625
1625 1627
1625 1628
1625 1630
1626 1625
1627 1629
1628 1629
1629 1631
1630 1629
1631 1619
1632 1633
1632 1634
1632 1636
1632 1638
1632 1639
1633 1635
1634 1635
1635 1641
1635 1646
1635 1647
1635 1648
1635 1649
1635 1650
1635 1653
1635 1661
1635 1707
1635 1717
1635 1718
1636 1637
1637 1635
1638 1637
1639 1635
1640 1635
1641 1642
1642 1643
1642 1644
1642 1645
1643 1597
1644 1597
1645 1597
1646 1597
1647 1597
1648 1597
1649 1651
1650 1651
1651 1652
1652 1657
1652 1658
1652 1660
1653 1654
1654 1655
1654 1656
1655 1652
1656 1652
1657 1659
1658 1659
1659 1722
1659 1724
1659 1725
1659 1728
1659 1729
1659 1731
1660 1659
1661 1662
1661 1664
1661 1665
1662 1663
1663 1666
1664 1663
1665 1663
1666 1667
1667 1668
1667 1670
1667 1671
1668 1669
1669 1672
1670 1669
1671 1669
1672 1673
1672 1676
1672 1678
1672 1694
1673 1674
1674 1675
1675 1679
1675 1680
1675 1685
1675 1687
1675 1688
1676 1677
1677 1675
1678 1677
1679 1681
1680 1681
1681 1682
1682 1683
1683 1684
1684 1705
1684 1706
1685 1686
1686 1689
1687 1686
1688 1686
1689 1690
1689 1691
1690 1692
1691 1692
1692 1693
1693 1684
1694 1695
1694 1696
1694 1698
1695 1697
1696 1697
1697 1699
1698 1697
1699 1700
1700 1701
1701 1702
1702 1703
1703 1704
1704 1684
1705 1659
1706 1659
1707 1708
1708 1709
1709 1710
1709 1711
1710 1712
1711 1712
1712 1713
1713 1714
1714 1715
1715 1716
1716 1659
1717 1719
1718 1719
1719 1720
1719 1721
1720 1659
1721 1659
1722 1723
1723 1726
1723 1727
1724 1723
1725 1723
1726 1597
1727 1597
1728 1730
1729 1730
1730 1732
1731 1730
1732 1733
1732 1735
1732 1736
1733 1734
1734 1737
1734 1745
1735 1734
1736 1734
1737 1738
1738 1739
1739 1740
1739 1743
1739 1744
1740 1741
1740 1742
1741 1597
1742 1597
1743 1597
1744 1597
1745 1746
1745 1747
1746 1597
1747 1597
1748 1749
1749 1750
1749 1754
1749 1755
1749 1756
1749 1757
1749 1758
1749 1759
1750 1751
1750 1753
1751 1752
1752 1761
1752 1763
1753 1752
1754 1752
1755 1752
1756 1752
1757 1752
1758 1752
1759 1760
1760 1752
1761 1762
1762 1764
1763 1762
1764 1765
1765 1766
1766 1767
1767 1768
1768 1769
1769 1770
1769 1773
1770 1771
1771 1772
1772 1774
1773 1772
1774 1775
1774 1776
1775 1777
1776 1777
1777 1911
1777 1912
1777 1914
1777 1919
1777 1920
1777 1928
1777 1935
1777 1936
1777 1995
1778 1777
1779 1777
1780 1782
1781 1782
1782 1784
1782 1789
1782 1790
1783 1782
1784 1785
1784 1787
1785 1786
1786 1788
1787 1786
1788 1777
1789 1777
1790 1777
1791 1792
1792 1795
1793 1792
1794 1792
1795 1796
1796 1797
1797 1798
1798 1799
1799 1800
1800 1805
1800 1806
1800 1807
1801 1802
1801 1803
1801 1804
1802 1800
1803 1800
1804 1800
1805 1777
1806 1808
1807 1808
1808 1809
1809 1810
1810 1811
1810 1816
1810 1819
1811 1812
1812 1813
1812 1814
1812 1815
1813 1777
1814 1777
1815 1777
1816 1817
1816 1818
1817 1777
1818 1777
1819 1777
1820 1821
1821 1824
1822 1821
1823 1821
1824 1826
1824 1832
1824 1833
1825 1824
1826 1827
1827 1828
1828 1829
1829 1830
1830 1831
1831 1834
1831 1835
1831 1837
1831 1838
1832 1831
1833 1831
1834 1836
1835 1836
1836 1840
1837 1836
1838 1839
1839 1836
1840 1841
1841 1842
1842 1843
1843 1844
1843 1846
1844 1845
1845 1777
1846 1777
1847 1849
1848 1849
1849 1862
1849 1864
1849 1865
1849 1866
1849 1880
1850 1849
1851 1849
1852 1849
1853 1854
1854 1849
1855 1856
1856 1849
1857 1859
1858 1859
1859 1860
1859 1861
1860 1849
1861 1849
1862 1863
1863 1867
1864 1863
1865 1863
1866 1863
1867 1868
1868 1869
1868 1870
1869 1871
1870 1871
1871 1872
1871 1873
1872 1874
1873 1874
1874 1875
1874 1876
1874 1878
1875 1877
1876 1877
1877 1879
1878 1877
1879 1881
1879 1882
1879 1884
1879 1903
1879 1906
1879 1909
1879 1910
1880 1879
1881 1883
1882 1883
1883 1885
1884 1883
1885 1886
1886 1887
1886 1888
1887 1889
1888 1889
1889 1890
1889 1891
1889 1893
1890 1892
1891 1892
1892 1894
1893 1892
1894 1895
1894 1896
1895 1897
1896 1897
1897 1898
1898 1899
1898 1900
1898 1901
1898 1902
1899 1777
1900 1777
1901 1777
1902 1777
1903 1904
1903 1905
1904 1777
1905 1777
1906 1907
1907 1908
1908 1777
1909 1777
1910 1777
1911 1913
1912 1913
1913 1915
1914 1913
1915 1916
1915 1917
1916 1918
1917 1918
1918 1924
1919 1918
1920 1921
1921 1922
1921 1923
1922 1918
1923 1918
1924 1925
1924 1926
1925 1927
1926 1927
1927 1943
1927 1945
1927 1947
1927 1948
1927 1960
1927 1961
1927 1962
1927 1966
1927 1967
1928 1929
1929 1930
1930 1931
1930 1933
1931 1932
1932 1934
1933 1932
1934 1937
1934 1938
1934 1939
1934 1940
1934 1942
1935 1934
1936 1934
1937 1927
1938 1927
1939 1927
1940 1941
1941 1927
1942 1927
1943 1944
1944 1946
1945 1944
1946 1951
1946 1958
1946 1959
1947 1946
1948 1949
1948 1950
1949 1946
1950 1946
1951 1952
1951 1954
1952 1953
1953 1955
1954 1953
1955 1956
1956 1957
1957 1968
1957 1970
1957 1971
1958 1957
1959 1957
1960 1957
1961 1957
1962 1963
1963 1964
1964 1965
1965 1957
1966 1957
1967 1957
1968 1969
1969 1996
1969 1997
1969 1998
1969 1999
1970 1969
1971 1972
1972 1973
1972 1974
1973 1975
1974 1975
1975 1976
1975 1977
1976 1978
1977 1978
1978 1979
1978 1981
1979 1980
1980 1982
1981 1980
1982 1983
1983 1984
1984 1985
1984 1986
1985 1987
1986 1987
1987 1988
1988 1989
1989 1990
1990 1991
1991 1992
1991 1993
1991 1994
1992 1969
1993 1969
1994 1969
1995 1969
1996 460
1997 460
1998 2000
1999 2000
2000 2001
2000 2003
2001 2002
2002 460
2003 2004
2003 2005
2004 460
2005 460
