507
1 2
1 8
1 9
1 50
1 58
1 62
1 63
1 64
1 118
1 119
1 120
1 123
1 124
2 3
3 4
3 5
3 7
4 6
5 6
6 13
6 14
7 6
8 10
9 10
10 11
10 12
11 6
12 6
13 15
14 15
15 16
15 18
16 17
17 19
17 20
17 23
17 24
18 17
19 21
20 21
21 22
22 31
22 32
22 34
22 35
22 37
23 22
24 25
25 26
26 27
27 28
28 29
28 30
29 22
30 22
31 33
32 33
33 38
33 39
33 41
34 36
35 36
36 33
37 33
38 40
39 40
40 42
41 40
42 43
42 44
42 46
43 45
44 45
45 47
46 45
47 48
48 49
49 188
49 199
49 202
49 203
49 204
49 205
49 207
49 264
49 269
49 271
49 272
49 286
49 290
49 292
49 293
49 294
49 295
49 297
49 298
49 299
49 300
49 301
49 310
49 311
49 315
49 317
49 318
49 320
49 322
49 323
49 324
49 325
49 326
49 330
49 342
49 344
49 345
49 346
49 349
49 350
49 355
49 356
49 368
49 369
49 370
49 371
49 373
49 421
49 422
49 423
49 424
49 425
49 426
49 430
50 51
50 52
50 54
51 53
52 53
53 55
54 53
55 56
56 57
57 82
57 86
57 87
57 91
57 92
57 93
57 94
57 98
57 101
57 103
57 116
58 59
58 60
59 61
60 61
61 65
61 67
61 68
61 69
62 61
63 61
64 61
65 66
66 78
66 79
66 80
66 81
67 66
68 66
69 70
69 71
70 72
71 72
72 73
73 74
74 75
74 76
75 77
76 77
77 66
78 57
79 57
80 57
81 57
82 83
82 84
83 85
84 85
85 125
85 126
85 127
85 129
85 130
85 135
85 153
85 154
85 184
85 185
85 186
85 187
86 88
87 88
88 89
89 90
90 104
90 105
90 114
90 115
91 90
92 90
93 90
94 95
94 96
95 97
96 97
97 99
97 100
98 97
99 90
100 90
101 102
102 90
103 90
104 106
105 106
106 107
107 108
108 109
108 110
109 111
110 111
111 112
111 113
112 85
113 85
114 85
115 85
116 117
117 85
118 85
119 85
120 121
120 122
121 85
122 85
123 85
124 85
125 49
126 49
127 128
128 132
128 133
129 131
130 131
131 128
132 134
133 134
134 142
134 145
134 148
134 149
134 150
134 151
134 152
135 136
136 137
137 138
137 139
137 140
137 141
138 134
139 134
140 134
141 134
142 143
143 144
144 156
144 163
145 146
146 147
147 144
148 144
149 144
150 144
151 144
152 144
153 155
154 155
155 144
156 157
156 158
157 159
158 159
159 160
159 161
160 162
161 162
162 164
162 165
163 162
164 166
165 166
166 167
166 168
167 169
168 169
169 170
169 171
170 172
171 172
172 173
173 174
173 175
174 176
175 176
176 177
176 179
176 182
176 183
177 178
178 49
179 180
179 181
180 49
181 49
182 49
183 49
184 49
185 49
186 49
187 49
188 189
188 195
188 196
188 198
189 190
190 191
190 192
190 194
191 193
192 193
193 432
193 433
193 435
193 436
193 438
193 439
194 193
195 197
196 197
197 193
198 197
199 200
200 201
201 249
202 201
203 201
204 201
205 206
206 208
206 210
207 206
208 209
209 211
209 212
209 214
209 215
209 216
209 217
210 209
211 213
212 213
213 218
213 219
213 225
213 226
213 227
213 228
214 213
215 213
216 213
217 213
218 220
219 220
220 221
220 223
220 224
221 222
222 229
223 222
224 222
225 222
226 222
227 222
228 222
229 230
230 231
231 232
231 233
232 234
233 234
234 235
235 236
236 237
236 240
237 238
238 239
239 241
239 245
239 246
239 247
239 248
240 239
241 242
241 243
242 244
243 244
244 201
245 201
246 201
247 201
248 201
249 250
250 251
251 252
252 253
252 254
252 255
252 256
252 263
253 193
254 193
255 193
256 257
257 258
257 259
257 261
258 260
259 260
260 262
261 260
262 193
263 193
264 265
265 266
265 267
266 268
267 268
268 270
269 268
270 273
271 270
272 270
273 274
273 275
273 276
273 277
274 193
275 193
276 193
277 278
278 279
279 280
280 281
281 282
282 283
283 284
283 285
284 193
285 193
286 287
286 289
287 288
288 193
289 193
290 291
291 193
292 193
293 193
294 193
295 296
296 302
296 303
296 304
297 296
298 296
299 296
300 296
301 296
302 193
303 193
304 305
305 306
305 307
305 309
306 308
307 308
308 193
309 308
310 193
311 312
311 314
312 313
313 193
314 313
315 316
316 193
317 319
318 319
319 193
320 321
321 193
322 321
323 321
324 321
325 321
326 327
327 328
327 329
328 193
329 193
330 331
331 332
332 333
332 334
332 336
332 338
333 335
334 335
335 339
335 340
335 341
336 337
337 335
338 335
339 193
340 193
341 193
342 343
343 193
344 343
345 347
346 347
347 348
348 358
349 348
350 351
350 354
351 352
351 353
352 348
353 348
354 348
355 357
356 357
357 348
358 359
358 366
359 360
359 361
359 363
360 362
361 362
362 364
363 362
364 365
365 367
366 365
367 193
368 193
369 193
370 372
371 372
372 374
372 378
372 379
372 380
372 390
372 392
372 396
373 372
374 375
375 376
376 377
377 391
378 377
379 381
380 381
381 382
381 383
382 384
383 384
384 385
384 386
384 389
385 387
386 387
387 388
388 377
389 377
390 377
391 399
391 401
391 402
391 403
391 404
391 405
392 393
393 394
394 395
395 397
395 398
396 395
397 391
398 391
399 400
400 406
400 407
401 400
402 400
403 400
404 400
405 400
406 408
407 408
408 409
409 410
410 411
411 412
411 414
412 413
413 415
413 416
414 413
415 417
416 417
417 418
418 419
418 420
419 193
420 193
421 193
422 193
423 193
424 193
425 193
426 427
426 428
426 429
427 193
428 193
429 193
430 431
431 193
432 434
433 434
434 450
434 453
434 454
434 467
435 437
436 437
437 440
437 441
437 445
437 446
437 449
438 437
439 437
440 442
441 442
442 443
442 444
443 434
444 434
445 447
446 447
447 448
448 434
449 434
450 451
451 452
452 455
452 456
452 458
452 459
452 461
452 462
452 465
453 452
454 452
455 457
456 457
457 466
458 460
459 460
460 463
460 464
461 460
462 460
463 457
464 457
465 457
466 477
466 478
466 480
466 487
466 492
466 494
466 495
467 468
468 469
469 470
470 471
471 472
472 473
473 474
473 475
474 476
475 476
476 466
477 479
478 479
479 481
480 479
481 482
482 483
483 484
483 485
484 486
485 486
487 488
488 489
488 491
489 490
490 486
491 486
492 493
493 486
494 486
495 496
496 497
496 499
496 500
497 498
498 501
499 498
500 498
501 502
502 503
502 504
502 506
502 507
503 505
504 505
505 486
506 505
507 505
