2482
1 2
1 3
1 163
2 4
3 4
4 5
5 6
6 7
6 8
6 10
6 11
6 12
7 9
8 9
9 13
9 16
9 21
10 9
11 9
12 9
13 14
14 15
15 28
15 30
16 17
17 18
17 19
18 20
19 20
20 22
20 23
21 20
22 24
23 24
24 25
24 26
25 27
26 27
27 15
28 29
29 31
29 44
29 48
30 29
31 32
32 33
33 34
33 35
34 36
35 36
36 37
37 38
38 39
39 40
39 42
39 43
40 41
41 81
41 82
41 84
41 85
41 86
42 41
43 41
44 45
44 46
44 47
45 41
46 41
47 41
48 49
49 50
50 51
50 53
51 52
52 54
52 55
53 52
54 56
55 56
56 57
57 58
58 59
59 60
59 61
60 62
61 62
62 63
62 64
62 66
62 67
62 68
63 65
64 65
65 69
65 72
65 73
65 74
65 75
65 77
66 65
67 65
68 65
69 70
69 71
70 41
71 41
72 41
73 41
74 76
75 76
76 78
77 76
78 79
78 80
79 41
80 41
81 83
82 83
83 87
83 90
83 91
83 92
84 83
85 83
86 83
87 88
88 89
89 93
90 89
91 89
92 89
93 94
94 95
94 97
95 96
96 98
96 138
96 155
96 159
97 96
98 99
99 100
99 101
100 102
101 102
102 103
102 105
103 104
104 106
104 107
105 104
106 108
107 108
108 109
108 110
108 112
109 111
110 111
111 113
111 116
111 118
111 123
111 124
112 111
113 114
114 115
115 119
116 117
117 115
118 115
119 120
120 121
121 122
122 126
122 127
123 122
124 125
125 122
126 128
127 128
128 129
129 130
129 131
129 137
130 132
131 132
132 133
132 134
132 136
133 135
134 135
135 169
135 179
135 183
135 184
135 189
135 193
135 194
136 135
137 135
138 139
138 141
138 142
138 148
138 149
138 150
138 152
138 153
139 140
140 135
141 143
142 143
143 144
144 145
144 146
144 147
145 135
146 135
147 135
148 135
149 151
150 151
151 154
152 151
153 151
154 135
155 156
155 157
156 158
157 158
158 160
158 162
159 158
160 161
161 135
162 135
163 164
164 165
165 166
166 167
166 168
167 135
168 135
169 170
169 171
169 173
169 174
170 172
171 172
172 175
172 177
173 172
174 172
175 176
176 178
177 176
178 206
178 207
178 358
178 359
178 366
178 367
178 368
178 372
178 374
178 384
178 387
178 388
178 397
178 399
178 403
178 404
178 405
178 411
178 412
179 180
180 181
180 182
181 178
182 178
183 178
184 185
184 187
184 188
185 186
186 195
186 196
186 203
186 205
187 186
188 186
189 190
190 191
190 192
191 186
192 186
193 186
194 186
195 197
196 197
197 198
198 199
198 200
198 201
198 202
199 178
200 178
201 178
202 178
203 204
204 178
205 178
206 208
207 208
208 209
208 210
209 211
210 211
211 212
211 213
211 215
211 216
212 214
213 214
214 217
214 222
214 224
215 214
216 214
217 218
217 220
217 221
218 219
219 234
219 235
219 237
219 238
219 247
219 252
219 264
219 288
219 289
219 290
219 291
219 292
219 295
219 296
219 338
219 345
219 346
219 348
219 349
219 350
219 354
219 356
220 219
221 219
222 223
223 225
224 223
225 226
226 227
226 228
227 229
228 229
229 230
230 231
230 232
230 233
231 219
232 219
233 219
234 236
235 236
236 239
237 236
238 236
239 240
240 241
240 242
241 243
242 243
243 244
244 245
245 246
246 297
246 299
246 300
246 304
246 305
247 248
248 249
248 250
249 251
250 251
251 259
251 260
251 262
251 263
252 253
252 256
252 257
252 258
253 254
253 255
254 251
255 251
256 251
257 251
258 251
259 261
260 261
261 246
262 261
263 246
264 265
264 267
264 268
264 269
264 270
264 271
264 272
264 273
265 266
266 275
266 281
266 282
266 284
267 266
268 266
269 266
270 266
271 266
272 266
273 274
274 266
275 276
276 277
277 278
278 279
279 280
280 246
281 280
282 283
283 285
283 286
284 283
285 287
286 287
287 246
288 246
289 246
290 246
291 246
292 293
292 294
293 246
294 246
295 246
296 246
297 298
298 309
298 311
298 312
298 313
298 328
298 329
298 330
298 331
298 332
298 333
299 298
300 301
300 302
301 303
302 303
303 298
304 306
305 306
306 307
307 308
308 298
309 310
310 337
311 310
312 314
313 314
314 315
314 317
314 318
315 316
316 319
316 320
316 322
316 323
316 324
317 316
318 316
319 321
320 321
321 325
321 326
322 321
323 321
324 321
325 327
326 327
327 334
327 335
327 336
328 327
329 327
330 327
331 327
332 327
333 327
334 310
335 310
336 310
337 796
337 798
337 799
337 800
337 801
337 845
337 846
337 878
337 884
337 885
337 886
337 892
337 893
337 896
337 898
337 902
337 908
337 912
337 920
337 921
337 923
337 929
337 930
337 931
337 937
337 938
337 939
337 941
337 952
337 955
337 956
337 959
337 960
337 963
337 964
337 966
337 974
338 339
339 340
339 342
340 341
341 343
341 344
342 341
343 337
344 337
345 347
346 347
347 351
347 353
348 347
349 347
350 347
351 352
352 355
353 352
354 352
355 337
356 357
357 355
358 360
359 360
360 361
361 362
361 363
361 365
362 364
363 364
364 413
364 415
364 417
364 418
364 419
364 426
364 447
364 448
364 449
365 364
366 364
367 364
368 369
369 370
370 371
371 375
371 376
371 377
371 379
371 380
371 381
371 382
371 383
372 373
373 371
374 371
375 364
376 378
377 378
378 364
379 364
380 364
381 364
382 364
383 364
384 385
385 386
386 389
387 386
388 386
389 390
390 391
391 392
392 393
392 396
393 394
394 395
395 364
396 395
397 398
398 364
399 400
399 401
400 402
401 402
402 406
403 402
404 402
405 402
406 407
407 408
408 409
409 410
410 364
411 364
412 364
413 414
414 420
415 416
416 414
417 414
418 414
419 414
420 421
421 422
421 424
422 423
423 425
424 423
425 427
425 440
425 441
426 425
427 428
428 429
429 430
430 431
431 432
431 436
431 439
432 433
432 434
433 435
434 435
435 450
435 451
435 453
435 455
435 456
435 524
435 527
435 528
435 529
435 530
435 535
435 538
435 539
435 540
435 541
435 542
435 547
435 549
435 554
436 437
436 438
437 435
438 435
439 435
440 442
441 442
442 443
442 446
443 444
443 445
444 435
445 435
446 435
447 435
448 435
449 435
450 452
451 452
452 457
452 458
452 460
452 476
452 477
452 479
452 496
453 454
454 452
455 452
456 452
457 459
458 459
459 464
460 461
461 462
462 463
463 459
464 465
464 467
465 466
466 468
466 472
466 473
467 466
468 469
469 470
470 471
471 555
471 557
471 559
471 560
471 562
472 471
473 474
473 475
474 471
475 471
476 478
477 478
478 480
478 485
478 486
479 478
480 481
481 482
482 483
483 484
484 487
484 488
485 484
486 484
487 489
488 489
489 490
489 491
490 492
491 492
492 493
492 494
493 495
494 495
495 505
495 507
495 508
495 510
495 512
495 513
495 516
495 517
495 523
496 497
497 498
498 499
498 500
499 501
500 501
501 502
502 503
503 504
504 495
505 506
506 471
507 506
508 509
509 511
510 509
511 471
512 514
513 514
514 515
515 471
516 471
517 518
517 519
518 520
519 520
520 521
520 522
521 471
522 471
523 471
524 525
524 526
525 471
526 471
527 471
528 471
529 471
530 531
530 532
530 533
530 534
531 471
532 471
533 471
534 471
535 536
535 537
536 471
537 471
538 471
539 471
540 471
541 471
542 543
542 544
542 545
542 546
543 471
544 471
545 471
546 471
547 548
548 550
548 551
548 552
548 553
549 548
550 471
551 471
552 471
553 471
554 471
555 556
556 599
556 600
556 602
556 603
556 604
556 605
556 606
556 611
556 612
556 613
556 615
556 616
556 631
556 635
556 636
556 637
556 638
556 639
556 640
557 558
558 561
559 558
560 558
561 563
561 571
561 577
562 561
563 564
563 565
564 566
565 566
566 567
567 568
568 569
569 570
570 588
570 589
570 591
570 597
570 598
571 572
571 576
572 573
573 574
573 575
574 570
575 570
576 570
577 578
578 579
578 580
579 581
580 581
581 582
581 583
582 584
583 584
584 585
585 586
585 587
586 570
587 570
588 590
589 590
590 592
590 596
591 590
592 593
592 595
593 594
594 556
595 594
596 556
597 556
598 556
599 601
600 601
601 648
601 663
601 668
601 669
601 670
601 671
601 673
601 708
601 710
601 722
601 726
601 727
601 730
601 754
601 755
602 601
603 601
604 601
605 601
606 607
607 608
608 609
608 610
609 601
610 601
611 601
612 614
613 614
614 617
615 614
616 614
617 618
618 619
619 620
619 622
619 623
619 625
620 621
621 629
621 630
622 624
623 624
624 626
625 624
626 627
626 628
627 621
628 621
629 601
630 601
631 632
631 634
632 633
633 641
633 647
634 633
635 633
636 633
637 633
638 633
639 633
640 633
641 642
641 643
641 645
641 646
642 644
643 644
644 601
645 644
646 644
647 601
648 649
649 650
649 655
649 656
650 651
651 652
651 653
652 654
653 654
654 657
654 659
655 654
656 654
657 658
658 660
658 661
659 658
660 662
661 662
662 687
662 692
663 664
663 665
664 666
665 666
666 667
667 680
667 681
668 667
669 667
670 667
671 672
672 674
672 675
672 677
673 672
674 676
675 676
676 678
676 679
677 676
678 667
679 667
680 682
681 682
682 683
682 684
683 685
684 685
685 686
686 662
687 688
688 689
688 690
689 691
690 691
691 693
692 691
693 694
694 695
695 696
695 697
695 699
695 700
696 698
697 698
698 701
699 698
700 698
701 702
701 703
701 705
701 706
701 707
702 704
703 704
704 780
705 704
706 704
707 704
708 709
709 716
709 720
710 711
710 712
710 714
711 713
712 713
713 709
714 715
715 709
716 717
717 718
718 719
719 704
720 721
721 704
722 723
722 724
723 725
724 725
725 728
725 729
726 725
727 725
728 704
729 704
730 731
730 732
730 733
730 739
730 740
730 742
731 704
732 704
733 734
734 735
735 736
736 737
737 738
738 704
739 704
740 741
741 747
742 743
743 744
744 745
745 746
746 741
747 748
747 749
748 750
749 750
750 751
751 752
752 753
753 704
754 756
755 756
756 757
756 760
756 779
757 758
757 759
758 704
759 704
760 761
761 762
761 763
761 765
762 764
763 764
764 766
764 770
764 773
765 764
766 767
767 768
768 769
769 774
769 776
769 777
769 778
770 771
771 772
772 769
773 769
774 775
775 704
776 704
777 704
778 704
779 704
780 781
780 782
780 784
781 783
782 783
783 785
784 783
785 786
785 789
785 790
786 787
786 788
787 337
788 337
789 337
790 791
791 792
792 793
793 794
793 795
794 337
795 337
796 797
797 802
798 797
799 797
800 797
801 797
802 803
802 807
802 812
802 813
802 814
803 804
803 805
804 806
805 806
806 842
806 844
807 808
807 809
808 810
809 810
810 811
811 806
812 806
813 815
814 815
815 816
816 817
816 818
816 820
816 822
816 825
816 827
816 834
817 819
818 819
819 821
820 819
821 823
822 821
823 824
824 835
824 836
825 826
826 828
827 826
828 829
829 830
830 831
830 832
831 833
832 833
833 824
834 824
835 837
836 837
837 838
837 841
838 839
838 840
839 806
840 806
841 806
842 843
843 975
843 977
843 978
843 979
843 1005
843 1006
843 1007
843 1011
843 1012
843 1013
844 843
845 847
846 847
847 848
847 852
847 855
847 856
847 867
847 868
847 869
847 870
847 871
847 872
848 849
848 850
849 851
850 851
851 874
851 877
852 853
852 854
853 851
854 851
855 857
856 857
857 858
857 859
857 861
857 862
857 865
858 860
859 860
860 866
861 860
862 863
863 864
864 860
865 864
866 851
867 851
868 851
869 851
870 851
871 851
872 873
873 851
874 875
875 876
876 843
877 843
878 879
879 880
880 881
881 882
882 883
883 843
884 843
885 843
886 887
887 888
887 891
888 889
888 890
889 843
890 843
891 843
892 894
893 894
894 895
895 897
896 895
897 899
897 900
897 901
898 897
899 843
900 843
901 843
902 903
903 904
904 905
904 906
905 907
906 907
907 942
907 943
907 945
907 949
907 950
907 951
908 909
909 910
910 911
911 913
911 915
912 911
913 914
914 916
914 918
914 919
915 914
916 917
917 907
918 917
919 917
920 907
921 922
922 924
923 922
924 925
924 926
925 927
926 927
927 928
928 934
928 935
928 936
929 928
930 928
931 932
931 933
932 928
933 928
934 907
935 907
936 907
937 907
938 907
939 940
940 907
941 907
942 944
943 944
944 946
944 947
944 948
945 944
946 843
947 843
948 843
949 843
950 843
951 843
952 953
953 954
954 967
954 968
954 969
954 970
954 973
955 954
956 957
957 958
958 954
959 954
960 961
960 962
961 954
962 954
963 954
964 965
965 954
966 965
967 843
968 843
969 971
970 971
971 972
972 843
973 843
974 843
975 976
976 981
976 984
976 994
977 976
978 980
979 980
980 976
981 982
982 983
983 986
983 993
984 985
985 983
986 987
986 988
986 990
987 989
988 989
989 991
990 989
991 992
992 998
992 1002
993 992
994 995
994 996
994 997
995 992
996 992
997 992
998 999
998 1000
999 1001
1000 1001
1001 1003
1002 1001
1003 1004
1004 1028
1004 1033
1004 1037
1004 1038
1004 1040
1004 1044
1004 1045
1005 1004
1006 1004
1007 1008
1008 1009
1008 1010
1009 1004
1010 1004
1011 1004
1012 1004
1013 1014
1014 1015
1014 1017
1014 1018
1014 1019
1015 1016
1016 1004
1017 1004
1018 1004
1019 1020
1019 1021
1020 1022
1021 1022
1022 1023
1022 1025
1023 1024
1024 1026
1024 1027
1025 1024
1026 1004
1027 1004
1028 1029
1029 1030
1029 1031
1030 1032
1031 1032
1032 1041
1033 1034
1033 1035
1034 1036
1035 1036
1036 1032
1037 1032
1038 1039
1039 1032
1040 1032
1041 1042
1042 1043
1043 1062
1044 1046
1045 1046
1046 1047
1047 1048
1048 1049
1048 1050
1048 1052
1049 1051
1050 1051
1051 1053
1052 1051
1053 1054
1053 1055
1053 1058
1053 1061
1054 1056
1055 1056
1056 1057
1057 1059
1057 1060
1058 1057
1059 1043
1060 1043
1061 1043
1062 1063
1062 1064
1062 1066
1062 1067
1062 1068
1062 1069
1062 1070
1062 1071
1062 1072
1062 1074
1063 1065
1064 1065
1065 1075
1066 1065
1067 1065
1068 1065
1069 1065
1070 1065
1071 1073
1072 1073
1073 1065
1074 1065
1075 1076
1075 1082
1075 1083
1075 1084
1075 1086
1075 1137
1075 1138
1075 1140
1076 1077
1077 1078
1077 1080
1078 1079
1079 1081
1080 1079
1081 1141
1081 1143
1081 1144
1081 1145
1081 1148
1081 1149
1081 1151
1082 1081
1083 1085
1084 1085
1085 1087
1085 1088
1085 1092
1086 1085
1087 1089
1088 1089
1089 1090
1090 1091
1091 1096
1092 1093
1093 1094
1094 1095
1095 1091
1096 1097
1096 1098
1096 1100
1097 1099
1098 1099
1099 1101
1100 1099
1101 1102
1102 1103
1102 1104
1103 1105
1104 1105
1105 1106
1105 1110
1105 1117
1106 1107
1107 1108
1108 1109
1109 1124
1109 1125
1109 1127
1109 1128
1109 1129
1109 1130
1110 1111
1111 1112
1112 1113
1113 1114
1114 1115
1115 1116
1116 1109
1117 1118
1117 1119
1117 1120
1117 1121
1117 1123
1118 1109
1119 1109
1120 1122
1121 1122
1122 1109
1123 1109
1124 1126
1125 1126
1126 1131
1126 1135
1126 1136
1127 1126
1128 1126
1129 1126
1130 1126
1131 1132
1132 1133
1132 1134
1133 1081
1134 1081
1135 1081
1136 1081
1137 1139
1138 1139
1139 1081
1140 1139
1141 1142
1142 1154
1143 1142
1144 1142
1145 1146
1146 1147
1147 1142
1148 1142
1149 1150
1150 1152
1151 1150
1152 1153
1153 1142
1154 1155
1154 1156
1154 1158
1154 1159
1154 1166
1154 1193
1154 1194
1154 1195
1154 1196
1154 1197
1154 1198
1154 1199
1154 1200
1154 1201
1154 1215
1154 1216
1154 1238
1154 1242
1154 1254
1154 1255
1154 1256
1154 1271
1154 1297
1154 1299
1154 1302
1154 1303
1154 1304
1154 1321
1154 2055
1154 2056
1154 2066
1154 2070
1154 2072
1154 2073
1154 2074
1154 2075
1154 2076
1154 2223
1154 2225
1154 2226
1154 2228
1154 2229
1154 2230
1154 2231
1154 2232
1154 2233
1154 2234
1154 2235
1154 2236
1154 2238
1154 2279
1154 2280
1154 2284
1154 2291
1154 2327
1154 2328
1154 2331
1154 2337
1154 2338
1154 2346
1154 2347
1154 2349
1154 2462
1154 2463
1154 2471
1154 2474
1154 2480
1154 2481
1154 2482
1155 1157
1156 1157
1157 1161
1158 1157
1159 1160
1160 1157
1161 1162
1161 1164
1161 1165
1162 1163
1163 1331
1163 1337
1163 1338
1163 1605
1163 1958
1163 1961
1163 1962
1163 1963
1163 1965
1163 1966
1163 1970
1163 1971
1163 1975
1163 1979
1164 1163
1165 1163
1166 1167
1166 1168
1166 1170
1166 1173
1166 1174
1166 1175
1166 1189
1166 1190
1166 1191
1166 1192
1167 1169
1168 1169
1169 1176
1169 1180
1169 1183
1169 1184
1169 1186
1169 1187
1169 1188
1170 1171
1170 1172
1171 1169
1172 1169
1173 1169
1174 1169
1175 1169
1176 1177
1176 1178
1176 1179
1177 1163
1178 1163
1179 1163
1180 1181
1180 1182
1181 1163
1182 1163
1183 1185
1184 1185
1185 1163
1186 1185
1187 1185
1188 1163
1189 1163
1190 1163
1191 1163
1192 1163
1193 1163
1194 1163
1195 1163
1196 1163
1197 1163
1198 1163
1199 1163
1200 1202
1201 1202
1202 1203
1203 1204
1203 1206
1203 1209
1204 1205
1205 1210
1205 1211
1205 1213
1206 1207
1206 1208
1207 1205
1208 1205
1209 1205
1210 1212
1211 1212
1212 1214
1213 1212
1214 1163
1215 1163
1216 1217
1216 1218
1216 1219
1216 1220
1216 1221
1216 1222
1216 1223
1216 1229
1216 1230
1216 1232
1216 1233
1216 1235
1217 1163
1218 1163
1219 1163
1220 1163
1221 1163
1222 1163
1223 1224
1224 1225
1225 1226
1226 1227
1227 1228
1228 1163
1229 1163
1230 1231
1231 1163
1232 1234
1233 1234
1234 1236
1234 1237
1235 1234
1236 1163
1237 1163
1238 1239
1238 1240
1239 1241
1240 1241
1241 1246
1241 1247
1242 1243
1243 1244
1244 1245
1245 1241
1246 1248
1247 1248
1248 1249
1249 1250
1250 1251
1251 1252
1251 1253
1252 1163
1253 1163
1254 1163
1255 1163
1256 1257
1256 1258
1256 1260
1256 1261
1256 1262
1256 1263
1256 1264
1256 1268
1256 1269
1256 1270
1257 1259
1258 1259
1259 1281
1259 1282
1259 1283
1259 1284
1259 1285
1259 1286
1259 1289
1259 1290
1259 1292
1259 1293
1259 1295
1259 1296
1260 1259
1261 1259
1262 1259
1263 1259
1264 1265
1265 1266
1265 1267
1266 1259
1267 1259
1268 1259
1269 1259
1270 1259
1271 1272
1272 1273
1272 1274
1272 1276
1272 1277
1272 1280
1273 1275
1274 1275
1275 1259
1276 1275
1277 1278
1277 1279
1278 1259
1279 1259
1280 1259
1281 1163
1282 1163
1283 1163
1284 1163
1285 1163
1286 1287
1286 1288
1287 1163
1288 1163
1289 1163
1290 1291
1291 1163
1292 1294
1293 1294
1294 1163
1295 1163
1296 1163
1297 1298
1298 1305
1298 1306
1298 1308
1298 1316
1298 1317
1299 1300
1300 1301
1301 1298
1302 1301
1303 1298
1304 1298
1305 1307
1306 1307
1307 1309
1308 1307
1309 1310
1310 1311
1311 1312
1311 1314
1311 1315
1312 1313
1313 1163
1314 1163
1315 1163
1316 1318
1317 1318
1318 1319
1318 1320
1319 1163
1320 1163
1321 1322
1321 1324
1321 1328
1322 1323
1323 1325
1323 1326
1324 1323
1325 1327
1326 1327
1327 1329
1328 1327
1329 1330
1330 1163
1331 1332
1331 1333
1331 1335
1331 1336
1332 1334
1333 1334
1334 1352
1334 1354
1334 1357
1334 1358
1334 1360
1334 1361
1334 1362
1334 1363
1334 1364
1334 1365
1334 1469
1334 1475
1334 1569
1334 1571
1334 1572
1334 1573
1334 1574
1334 1580
1335 1334
1336 1334
1337 1334
1338 1339
1338 1340
1338 1342
1339 1341
1340 1341
1341 1343
1341 1344
1341 1347
1341 1348
1341 1350
1341 1351
1342 1341
1343 1345
1344 1345
1345 1346
1346 1349
1347 1346
1348 1346
1349 1334
1350 1334
1351 1334
1352 1353
1353 1355
1354 1353
1355 1356
1356 1366
1356 1367
1356 1369
1356 1371
1357 1359
1358 1359
1359 1356
1360 1359
1361 1356
1362 1356
1363 1356
1364 1356
1365 1356
1366 1368
1367 1368
1368 1372
1368 1379
1368 1380
1369 1370
1370 1368
1371 1370
1372 1373
1372 1374
1372 1376
1372 1377
1372 1378
1373 1375
1374 1375
1375 1381
1376 1375
1377 1375
1378 1375
1379 1375
1380 1375
1381 1382
1381 1383
1381 1385
1381 1387
1381 1408
1381 1409
1381 1418
1381 1419
1382 1384
1383 1384
1384 1488
1384 1490
1384 1534
1384 1540
1384 1541
1384 1543
1384 1548
1384 1550
1385 1386
1386 1388
1386 1389
1386 1391
1387 1386
1388 1390
1389 1390
1390 1392
1390 1400
1390 1401
1390 1402
1390 1403
1390 1404
1391 1390
1392 1393
1393 1394
1394 1395
1394 1396
1395 1397
1396 1397
1397 1398
1397 1399
1398 1384
1399 1384
1400 1384
1401 1384
1402 1384
1403 1405
1404 1405
1405 1406
1406 1407
1407 1384
1408 1384
1409 1410
1410 1411
1411 1412
1411 1413
1412 1414
1413 1414
1414 1415
1414 1416
1414 1417
1415 1384
1416 1384
1417 1384
1418 1384
1419 1420
1420 1421
1420 1422
1421 1423
1422 1423
1423 1424
1424 1425
1425 1426
1426 1427
1427 1428
1428 1429
1428 1431
1428 1432
1428 1433
1429 1430
1430 1434
1431 1430
1432 1430
1433 1430
1434 1435
1434 1437
1435 1436
1436 1438
1437 1436
1438 1439
1439 1440
1440 1441
1440 1442
1441 1443
1442 1443
1443 1444
1443 1445
1443 1457
1444 1446
1445 1446
1446 1447
1446 1449
1446 1456
1447 1448
1448 1450
1448 1452
1449 1448
1450 1451
1451 1453
1451 1454
1452 1451
1453 1455
1454 1455
1455 1458
1455 1464
1455 1465
1456 1455
1457 1455
1458 1459
1459 1460
1460 1461
1460 1462
1460 1463
1461 1384
1462 1384
1463 1384
1464 1466
1465 1466
1466 1467
1466 1468
1467 1384
1468 1384
1469 1470
1470 1471
1470 1473
1470 1474
1471 1472
1472 1478
1472 1481
1472 1483
1472 1484
1472 1485
1472 1486
1472 1487
1473 1472
1474 1472
1475 1476
1475 1477
1476 1472
1477 1472
1478 1479
1478 1480
1479 1384
1480 1384
1481 1482
1482 1384
1483 1482
1484 1384
1485 1384
1486 1384
1487 1384
1488 1489
1489 1491
1490 1489
1491 1492
1491 1493
1491 1495
1491 1497
1491 1504
1492 1494
1493 1494
1494 1511
1494 1512
1494 1514
1495 1496
1496 1505
1496 1506
1496 1507
1496 1508
1497 1498
1498 1499
1498 1500
1498 1501
1498 1502
1498 1503
1499 1496
1500 1496
1501 1496
1502 1496
1503 1496
1504 1496
1505 1494
1506 1494
1507 1494
1508 1509
1509 1510
1510 1494
1511 1513
1512 1513
1513 1515
1513 1516
1514 1513
1515 1517
1516 1517
1517 1518
1517 1519
1517 1521
1518 1520
1519 1520
1520 1522
1520 1524
1520 1526
1520 1527
1521 1520
1522 1523
1523 1528
1523 1529
1523 1532
1523 1533
1524 1525
1525 1523
1526 1525
1527 1525
1528 1530
1529 1530
1530 1531
1531 1955
1531 1956
1532 1531
1533 1531
1534 1535
1535 1536
1536 1537
1536 1538
1536 1539
1537 1531
1538 1531
1539 1531
1540 1542
1541 1542
1542 1544
1542 1547
1543 1542
1544 1545
1544 1546
1545 1531
1546 1531
1547 1531
1548 1549
1549 1551
1549 1552
1549 1553
1549 1554
1549 1555
1550 1549
1551 1531
1552 1531
1553 1531
1554 1531
1555 1556
1556 1557
1556 1566
1557 1558
1557 1559
1557 1561
1557 1562
1558 1560
1559 1560
1560 1563
1560 1564
1560 1565
1561 1560
1562 1560
1563 1531
1564 1531
1565 1531
1566 1567
1567 1568
1568 1531
1569 1570
1570 1531
1571 1531
1572 1531
1573 1575
1574 1575
1575 1576
1575 1577
1576 1578
1577 1578
1578 1579
1579 1581
1579 1582
1579 1584
1580 1579
1581 1583
1582 1583
1583 1585
1583 1586
1583 1591
1584 1583
1585 1587
1586 1587
1587 1588
1587 1589
1588 1590
1589 1590
1590 1594
1591 1592
1591 1593
1592 1590
1593 1590
1594 1595
1595 1596
1596 1597
1596 1598
1597 1599
1598 1599
1599 1600
1599 1602
1599 1603
1599 1604
1600 1601
1601 1531
1602 1601
1603 1601
1604 1601
1605 1606
1606 1607
1607 1608
1607 1609
1608 1610
1609 1610
1610 1611
1611 1612
1611 1619
1611 1620
1611 1621
1611 1622
1612 1613
1612 1614
1613 1615
1614 1615
1615 1616
1616 1617
1617 1618
1618 1623
1618 1629
1618 1635
1618 1637
1618 1638
1618 1639
1618 1640
1618 1641
1618 1652
1618 1653
1618 1726
1619 1618
1620 1618
1621 1618
1622 1618
1623 1624
1624 1625
1624 1627
1625 1626
1626 1628
1627 1626
1628 1633
1629 1630
1629 1632
1630 1631
1631 1628
1632 1628
1633 1634
1634 1654
1634 1658
1634 1659
1634 1660
1634 1661
1634 1662
1634 1663
1634 1665
1634 1685
1634 1687
1634 1689
1634 1690
1634 1691
1634 1692
1634 1725
1635 1636
1636 1634
1637 1634
1638 1634
1639 1634
1640 1642
1641 1642
1642 1643
1642 1649
1642 1650
1642 1651
1643 1644
1644 1645
1645 1646
1646 1647
1647 1648
1648 1634
1649 1648
1650 1648
1651 1648
1652 1634
1653 1634
1654 1655
1654 1656
1655 1657
1656 1657
1657 1739
1657 1742
1657 1744
1657 1745
1657 1746
1657 1747
1658 1657
1659 1657
1660 1657
1661 1657
1662 1657
1663 1664
1664 1657
1665 1666
1666 1667
1667 1668
1668 1669
1668 1670
1668 1672
1668 1673
1669 1671
1670 1671
1671 1678
1672 1674
1673 1674
1674 1675
1674 1676
1674 1677
1675 1671
1676 1671
1677 1671
1678 1679
1678 1680
1679 1681
1680 1681
1681 1682
1682 1683
1682 1684
1683 1657
1684 1657
1685 1686
1686 1693
1686 1694
1686 1696
1687 1688
1688 1686
1689 1686
1690 1686
1691 1686
1692 1686
1693 1695
1694 1695
1695 1697
1695 1702
1695 1703
1696 1695
1697 1698
1697 1699
1697 1701
1698 1700
1699 1700
1700 1704
1700 1705
1701 1700
1702 1700
1703 1700
1704 1706
1705 1706
1706 1707
1707 1708
1708 1709
1708 1711
1709 1710
1710 1712
1710 1714
1711 1710
1712 1713
1713 1715
1713 1717
1713 1718
1713 1719
1714 1713
1715 1716
1716 1720
1716 1722
1716 1723
1717 1716
1718 1716
1719 1716
1720 1721
1721 1724
1722 1721
1723 1721
1724 1657
1725 1657
1726 1727
1727 1728
1728 1729
1728 1730
1728 1731
1728 1735
1728 1736
1728 1737
1728 1738
1729 1657
1730 1732
1731 1732
1732 1733
1733 1734
1734 1657
1735 1657
1736 1657
1737 1657
1738 1657
1739 1740
1740 1741
1741 1750
1741 1759
1741 1760
1741 1775
1741 1785
1741 1786
1741 1789
1741 1793
1741 1798
1742 1743
1743 1741
1744 1741
1745 1741
1746 1741
1747 1748
1747 1749
1748 1741
1749 1741
1750 1751
1750 1752
1750 1754
1751 1753
1752 1753
1753 1755
1754 1753
1755 1756
1755 1758
1756 1757
1757 1764
1758 1757
1759 1761
1760 1761
1761 1762
1761 1763
1762 1757
1763 1757
1764 1765
1765 1766
1765 1767
1765 1769
1766 1768
1767 1768
1768 1770
1768 1771
1768 1773
1768 1774
1769 1768
1770 1772
1771 1772
1772 1803
1772 1847
1773 1772
1774 1772
1775 1776
1776 1777
1777 1778
1777 1780
1777 1781
1777 1783
1778 1779
1779 1784
1780 1779
1781 1782
1782 1779
1783 1779
1784 1772
1785 1772
1786 1787
1786 1788
1787 1772
1788 1772
1789 1790
1790 1791
1791 1792
1792 1772
1793 1794
1794 1795
1795 1796
1795 1797
1796 1772
1797 1772
1798 1799
1799 1800
1799 1801
1799 1802
1800 1772
1801 1772
1802 1772
1803 1804
1803 1805
1804 1806
1805 1806
1806 1807
1807 1808
1808 1809
1808 1810
1808 1812
1808 1815
1808 1817
1808 1820
1808 1825
1808 1826
1808 1828
1808 1829
1808 1830
1808 1837
1808 1842
1809 1811
1810 1811
1811 1813
1812 1811
1813 1814
1814 1818
1815 1816
1816 1814
1817 1814
1818 1819
1819 1531
1820 1821
1820 1822
1820 1823
1820 1824
1821 1819
1822 1819
1823 1819
1824 1819
1825 1827
1826 1827
1827 1833
1827 1836
1828 1827
1829 1831
1830 1831
1831 1832
1832 1827
1833 1834
1833 1835
1834 1531
1835 1531
1836 1531
1837 1838
1838 1839
1839 1840
1840 1841
1841 1843
1841 1844
1841 1845
1841 1846
1842 1841
1843 1531
1844 1531
1845 1531
1846 1531
1847 1848
1848 1849
1849 1850
1849 1851
1849 1853
1849 1855
1849 1860
1850 1852
1851 1852
1852 1854
1853 1852
1854 1861
1854 1864
1854 1875
1854 1878
1854 1882
1854 1883
1854 1884
1854 1887
1854 1888
1854 1889
1854 1892
1854 1893
1854 1936
1855 1856
1856 1857
1856 1859
1857 1858
1858 1854
1859 1858
1860 1858
1861 1862
1862 1863
1863 1865
1863 1869
1864 1863
1865 1866
1865 1867
1866 1868
1867 1868
1868 1870
1868 1873
1868 1874
1869 1868
1870 1871
1870 1872
1871 1531
1872 1531
1873 1531
1874 1531
1875 1876
1876 1877
1877 1881
1878 1879
1879 1880
1880 1877
1881 1531
1882 1531
1883 1531
1884 1885
1885 1886
1886 1531
1887 1531
1888 1890
1889 1890
1890 1891
1891 1894
1891 1895
1891 1897
1891 1898
1891 1900
1892 1891
1893 1891
1894 1896
1895 1896
1896 1899
1897 1896
1898 1896
1899 1901
1899 1909
1899 1910
1899 1911
1900 1899
1901 1902
1901 1903
1901 1905
1901 1906
1901 1907
1901 1908
1902 1904
1903 1904
1904 1912
1904 1913
1904 1914
1904 1915
1904 1917
1904 1920
1904 1921
1904 1923
1904 1924
1904 1926
1904 1933
1904 1935
1905 1904
1906 1904
1907 1904
1908 1904
1909 1904
1910 1904
1911 1904
1912 1531
1913 1531
1914 1916
1915 1916
1916 1918
1917 1916
1918 1919
1919 1531
1920 1531
1921 1922
1922 1928
1922 1929
1923 1922
1924 1925
1925 1927
1926 1925
1927 1922
1928 1930
1929 1930
1930 1931
1931 1932
1932 1531
1933 1934
1934 1531
1935 1531
1936 1937
1936 1938
1937 1939
1938 1939
1939 1940
1940 1941
1941 1942
1942 1943
1943 1944
1943 1946
1944 1945
1945 1947
1946 1945
1947 1948
1947 1949
1947 1951
1947 1952
1948 1950
1949 1950
1950 1953
1950 1954
1951 1950
1952 1950
1953 1531
1954 1531
1955 1957
1956 1957
1958 1959
1958 1960
1959 1957
1960 1957
1961 1957
1962 1964
1963 1964
1964 1967
1965 1964
1966 1964
1967 1968
1968 1969
1969 1957
1970 1957
1971 1972
1971 1973
1972 1974
1973 1974
1974 1983
1974 1984
1974 1986
1974 1987
1974 1988
1974 1989
1975 1976
1975 1977
1975 1978
1976 1974
1977 1974
1978 1974
1979 1980
1980 1981
1980 1982
1981 1974
1982 1974
1983 1985
1984 1985
1985 1990
1985 1994
1986 1985
1987 1985
1988 1985
1989 1985
1990 1991
1990 1992
1991 1993
1992 1993
1993 1997
1993 1999
1993 2000
1993 2001
1993 2006
1993 2011
1993 2013
1993 2014
1994 1995
1994 1996
1995 1993
1996 1993
1997 1998
1998 2002
1999 1998
2000 1998
2001 1998
2002 2003
2002 2004
2003 2005
2004 2005
2005 2026
2005 2043
2005 2044
2005 2045
2005 2046
2005 2047
2005 2048
2005 2049
2005 2050
2005 2051
2005 2052
2005 2054
2006 2007
2006 2008
2006 2010
2007 2009
2008 2009
2009 2015
2009 2016
2010 2009
2011 2012
2012 2009
2013 2009
2014 2009
2015 2017
2016 2017
2017 2018
2018 2019
2018 2020
2018 2021
2018 2023
2018 2024
2018 2025
2019 2005
2020 2005
2021 2022
2022 2005
2023 2005
2024 2005
2025 2005
2026 2027
2026 2032
2026 2033
2027 2028
2027 2029
2028 2030
2029 2030
2030 2031
2031 2034
2031 2035
2031 2037
2031 2038
2031 2040
2031 2042
2032 2031
2033 2031
2034 2036
2035 2036
2036 1957
2037 2036
2038 2039
2039 2036
2040 2041
2041 2036
2042 2036
2043 1957
2044 1957
2045 1957
2046 1957
2047 1957
2048 1957
2049 1957
2050 1957
2051 1957
2052 2053
2053 1957
2054 1957
2055 2057
2056 2057
2057 2058
2058 2059
2059 2060
2060 2061
2060 2065
2061 2062
2062 2063
2063 2064
2064 1957
2065 2064
2066 2067
2066 2068
2066 2069
2067 1957
2068 1957
2069 1957
2070 2071
2071 2077
2072 2071
2073 2071
2074 2071
2075 2071
2076 2071
2077 2078
2078 2079
2078 2080
2078 2082
2078 2104
2079 2081
2080 2081
2081 2083
2081 2087
2081 2096
2081 2097
2081 2103
2082 2081
2083 2084
2083 2085
2084 2086
2085 2086
2086 2105
2087 2088
2088 2089
2089 2090
2089 2091
2089 2093
2090 2092
2091 2092
2092 2094
2093 2092
2094 2095
2095 2086
2096 2086
2097 2098
2097 2099
2098 2100
2099 2100
2100 2101
2100 2102
2101 2086
2102 2086
2103 2086
2104 2086
2105 2106
2105 2107
2106 2108
2107 2108
2108 2109
2108 2110
2109 2111
2110 2111
2111 2112
2111 2113
2112 2114
2113 2114
2114 2115
2114 2146
2114 2150
2114 2151
2114 2161
2114 2162
2114 2163
2114 2164
2114 2165
2114 2167
2114 2168
2114 2169
2114 2170
2114 2171
2114 2173
2115 2116
2115 2119
2116 2117
2117 2118
2118 2120
2118 2122
2118 2123
2118 2124
2118 2125
2118 2142
2118 2143
2118 2144
2119 2118
2120 2121
2121 2132
2121 2140
2121 2141
2122 2121
2123 2121
2124 2121
2125 2126
2126 2127
2126 2128
2126 2130
2126 2131
2127 2129
2128 2129
2129 2121
2130 2121
2131 2121
2132 2133
2132 2134
2132 2136
2132 2137
2133 2135
2134 2135
2135 2183
2135 2184
2135 2187
2136 2135
2137 2138
2137 2139
2138 2135
2139 2135
2140 2135
2141 2135
2142 2135
2143 2135
2144 2145
2145 2135
2146 2147
2147 2148
2147 2149
2148 2135
2149 2135
2150 2135
2151 2152
2152 2153
2152 2154
2152 2156
2153 2155
2154 2155
2155 2157
2156 2155
2157 2158
2157 2159
2158 2160
2159 2160
2160 2135
2161 2135
2162 2135
2163 2135
2164 2135
2165 2166
2166 2172
2167 2166
2168 2166
2169 2166
2170 2166
2171 2166
2172 2135
2173 2174
2174 2175
2174 2177
2174 2178
2174 2179
2174 2180
2174 2182
2175 2176
2176 2135
2177 2135
2178 2135
2179 2135
2180 2181
2181 2135
2182 2135
2183 2185
2184 2185
2185 2186
2186 2188
2186 2189
2187 2186
2188 2190
2189 2190
2190 2191
2191 2192
2191 2196
2191 2197
2192 2193
2192 2194
2193 2195
2194 2195
2195 2198
2195 2200
2196 2195
2197 2195
2198 2199
2199 2204
2199 2205
2199 2212
2200 2201
2201 2202
2201 2203
2202 2199
2203 2199
2204 2206
2205 2206
2206 2207
2206 2211
2207 2208
2207 2209
2208 2210
2209 2210
2210 2213
2210 2215
2210 2216
2210 2217
2210 2218
2210 2219
2211 2210
2212 2210
2213 2214
2214 2220
2214 2221
2214 2222
2215 2214
2216 2214
2217 2214
2218 2214
2219 2214
2220 1957
2221 1957
2222 1957
2223 2224
2224 2251
2225 2227
2226 2227
2227 2224
2228 2227
2229 2227
2230 2227
2231 2227
2232 2227
2233 2224
2234 2224
2235 2224
2236 2237
2237 2224
2238 2239
2239 2240
2240 2241
2240 2242
2240 2244
2241 2243
2242 2243
2243 2245
2243 2246
2243 2247
2243 2248
2243 2249
2243 2250
2244 2243
2245 2224
2246 2224
2247 2224
2248 2224
2249 2224
2250 2224
2251 2252
2251 2253
2251 2255
2251 2256
2251 2257
2252 2254
2253 2254
2254 2258
2255 2254
2256 2254
2257 2254
2258 2259
2258 2260
2259 2261
2260 2261
2261 2262
2261 2263
2262 2264
2263 2264
2264 2265
2265 2266
2265 2267
2266 2268
2267 2268
2268 2269
2268 2270
2268 2272
2268 2273
2268 2274
2268 2275
2268 2276
2268 2277
2268 2278
2269 2271
2270 2271
2271 2308
2271 2309
2271 2310
2272 2271
2273 2271
2274 2271
2275 2271
2276 2271
2277 2271
2278 2271
2279 2281
2280 2281
2281 2282
2282 2283
2283 2285
2284 2283
2285 2286
2285 2287
2285 2289
2285 2290
2286 2288
2287 2288
2288 2294
2288 2296
2288 2297
2289 2288
2290 2288
2291 2292
2292 2293
2293 2288
2294 2295
2295 2298
2295 2299
2296 2295
2297 2295
2298 2300
2299 2300
2300 2301
2300 2303
2301 2302
2302 2304
2302 2306
2302 2307
2303 2302
2304 2305
2305 2271
2306 2305
2307 2305
2308 1957
2309 1957
2310 2311
2311 2312
2311 2326
2312 2313
2313 2314
2313 2316
2314 2315
2315 2317
2316 2315
2317 2318
2318 2319
2318 2324
2318 2325
2319 2320
2320 2321
2320 2323
2321 2322
2322 1957
2323 1957
2324 1957
2325 1957
2326 1957
2327 2329
2328 2329
2329 2330
2330 2332
2331 2330
2332 2333
2333 2334
2333 2335
2334 2336
2335 2336
2336 2339
2336 2342
2337 2336
2338 2336
2339 2340
2340 2341
2341 2343
2341 2345
2342 2341
2343 2344
2344 1957
2345 1957
2346 2348
2347 2348
2348 2352
2348 2353
2348 2355
2348 2356
2348 2369
2349 2350
2349 2351
2350 2348
2351 2348
2352 2354
2353 2354
2354 2357
2354 2358
2354 2360
2354 2361
2355 2354
2356 2354
2357 2359
2358 2359
2359 2362
2359 2367
2359 2368
2360 2359
2361 2359
2362 2363
2362 2364
2362 2366
2363 2365
2364 2365
2365 2370
2365 2371
2365 2373
2365 2376
2365 2379
2365 2408
2365 2409
2365 2410
2365 2411
2365 2416
2365 2428
2365 2430
2365 2458
2365 2461
2366 2365
2367 2365
2368 2365
2369 2365
2370 2372
2371 2372
2372 2382
2372 2384
2372 2385
2372 2386
2372 2387
2372 2388
2372 2389
2372 2390
2372 2391
2372 2392
2372 2393
2372 2395
2372 2399
2372 2400
2373 2374
2374 2375
2375 2372
2376 2377
2376 2378
2377 2372
2378 2372
2379 2380
2380 2381
2381 2372
2382 2383
2383 1957
2384 2383
2385 2383
2386 2383
2387 1957
2388 1957
2389 1957
2390 1957
2391 1957
2392 2394
2393 2394
2394 2396
2394 2397
2395 2394
2396 2398
2397 2398
2398 2401
2399 2398
2400 2398
2401 2402
2402 2403
2402 2407
2403 2404
2403 2406
2404 2405
2405 1957
2406 2405
2407 1957
2408 1957
2409 1957
2410 2412
2411 2412
2412 2413
2412 2415
2413 2414
2414 1957
2415 2414
2416 2417
2417 2418
2417 2419
2417 2420
2417 2421
2418 1957
2419 1957
2420 2422
2421 2422
2422 2423
2422 2424
2422 2425
2422 2426
2423 1957
2424 1957
2425 1957
2426 2427
2427 1957
2428 2429
2429 2431
2430 2429
2431 2432
2432 2433
2433 2434
2434 2435
2434 2440
2434 2445
2434 2446
2434 2448
2435 2436
2435 2437
2435 2439
2436 2438
2437 2438
2438 1957
2439 2438
2440 2441
2440 2444
2441 2442
2441 2443
2442 2438
2443 2438
2444 2438
2445 2447
2446 2447
2447 2449
2447 2454
2448 2447
2449 2450
2449 2451
2450 2452
2451 2452
2452 2453
2453 2455
2454 2453
2455 2456
2456 2457
2457 1957
2458 2459
2458 2460
2459 1957
2460 1957
2461 1957
2462 1957
2463 2464
2464 2465
2465 2466
2466 2467
2467 2468
2467 2469
2468 2470
2469 2470
2470 2475
2471 2472
2471 2473
2472 2470
2473 2470
2474 2470
2475 2476
2475 2478
2475 2479
2476 2477
2477 1957
2478 1957
2479 1957
2480 1957
2481 1957
2482 1957
