3485
1 2
1 3
1 5
1 6
1 7
1 8
1 9
1 10
1 14
1 16
1 943
1 944
1 946
1 947
1 967
1 973
1 974
1 976
1 977
1 979
1 980
1 981
2 4
3 4
4 15
5 4
6 4
7 4
8 4
9 4
10 11
10 12
10 13
11 4
12 4
13 4
14 4
15 22
15 23
15 25
15 26
15 42
15 45
15 55
15 57
15 60
15 61
15 62
15 63
15 90
15 94
15 95
15 127
15 129
15 147
15 150
15 151
15 153
15 154
15 158
15 159
15 161
15 162
15 163
15 165
16 17
17 18
18 19
19 20
19 21
20 15
21 15
22 24
23 24
24 226
24 227
24 230
24 263
24 271
24 296
24 386
24 387
24 394
24 395
24 396
24 401
24 402
24 403
24 406
24 411
25 27
26 27
27 28
28 29
29 30
30 31
30 32
31 24
32 33
32 34
32 35
32 36
33 24
34 24
35 24
36 37
36 41
37 38
38 39
38 40
39 24
40 24
41 24
42 43
43 44
44 46
45 44
46 47
47 48
48 49
48 51
48 52
49 50
50 53
50 54
51 50
52 50
53 24
54 24
55 56
56 58
56 59
57 56
58 24
59 24
60 24
61 24
62 64
63 64
64 65
64 66
65 67
66 67
67 68
67 69
67 71
67 72
67 73
67 74
68 70
69 70
70 82
71 70
72 70
73 75
74 75
75 76
76 77
77 78
78 79
79 80
80 81
81 70
82 83
83 84
84 85
85 86
86 87
87 88
88 89
89 24
90 91
90 92
91 93
92 93
93 96
94 93
95 93
96 97
97 98
98 99
99 100
100 101
101 102
102 103
103 104
104 105
104 114
104 115
104 116
104 117
104 118
104 122
104 123
104 124
105 106
106 107
107 108
108 109
109 110
110 111
110 112
111 113
112 113
113 24
114 113
115 113
116 113
117 119
118 119
119 120
120 121
121 113
122 113
123 113
124 125
125 126
126 113
127 128
128 130
128 131
129 128
130 132
131 132
132 133
133 134
133 136
133 137
133 138
133 139
133 140
133 141
133 142
133 143
133 146
134 135
135 24
136 24
137 24
138 24
139 24
140 24
141 24
142 24
143 144
143 145
144 24
145 24
146 24
147 148
148 149
149 166
149 170
149 171
150 152
151 152
152 155
153 152
154 152
155 156
155 157
156 149
157 149
158 160
159 160
160 164
161 160
162 160
163 160
164 149
165 149
166 167
166 169
167 168
168 172
168 173
169 168
170 168
171 168
172 174
173 174
174 175
174 176
175 177
176 177
177 178
178 179
179 180
179 184
179 187
180 181
180 182
181 183
182 183
183 188
183 189
183 191
183 195
183 196
184 185
185 186
186 183
187 183
188 190
189 190
190 197
190 198
190 200
191 192
192 193
192 194
193 190
194 190
195 190
196 190
197 199
198 199
199 201
199 203
199 204
199 205
199 210
199 211
199 217
199 219
200 199
201 202
202 206
202 208
202 209
203 202
204 202
205 202
206 207
207 212
207 213
207 216
208 207
209 207
210 207
211 207
212 214
213 214
214 215
215 24
216 24
217 218
218 220
219 218
220 221
221 222
222 223
223 224
224 225
225 24
226 228
227 228
228 229
229 234
229 239
229 240
229 242
230 231
230 232
231 233
232 233
233 229
234 235
234 236
234 238
235 237
236 237
237 245
237 246
238 237
239 241
240 241
241 243
241 244
242 241
243 237
244 237
245 247
246 247
247 248
247 249
248 250
249 250
250 251
250 252
250 261
250 262
251 253
252 253
253 254
254 255
255 256
256 257
257 258
257 259
258 260
259 260
260 297
260 298
261 260
262 260
263 264
263 265
263 267
264 266
265 266
266 268
267 266
268 269
269 270
270 284
270 285
270 287
270 288
270 291
270 292
270 293
270 294
271 272
271 273
272 274
273 274
274 275
274 276
274 278
274 279
274 281
275 277
276 277
277 270
278 280
279 280
280 282
280 283
281 280
282 270
283 270
284 286
285 286
286 289
287 286
288 286
289 290
290 260
291 260
292 260
293 260
294 295
295 260
296 260
297 299
298 299
299 300
299 301
299 304
299 305
299 306
299 307
299 308
300 302
301 302
302 303
303 310
304 303
305 303
306 303
307 303
308 309
309 303
310 311
310 312
311 313
312 313
313 314
313 315
314 316
315 316
316 317
316 327
316 329
316 330
316 331
317 318
317 323
318 319
318 321
319 320
320 322
321 320
322 324
322 326
323 322
324 325
325 332
325 334
325 335
325 336
325 337
325 338
326 325
327 328
328 325
329 325
330 325
331 325
332 333
333 339
333 340
333 342
333 348
333 349
333 350
334 333
335 333
336 333
337 333
338 333
339 341
340 341
341 351
341 353
341 354
341 355
341 359
341 360
342 343
343 344
344 345
344 346
345 347
346 347
347 341
348 341
349 341
350 341
351 352
352 361
352 363
352 364
352 366
352 367
352 368
352 370
352 371
352 373
353 352
354 352
355 356
356 357
357 358
358 352
359 352
360 352
361 362
362 416
362 417
362 419
362 428
362 438
362 466
362 467
362 468
362 473
362 474
362 479
362 487
362 488
362 492
362 493
362 529
362 533
362 536
362 537
362 538
362 741
362 760
362 763
362 768
363 362
364 365
365 374
365 375
365 377
365 378
365 379
366 365
367 369
368 369
369 372
370 369
371 369
372 365
373 365
374 376
375 376
376 385
377 376
378 376
379 380
380 381
381 382
382 383
383 384
384 376
385 362
386 388
387 388
388 389
389 390
390 391
390 392
390 393
391 362
392 362
393 362
394 362
395 397
396 397
397 398
397 399
398 400
399 400
400 407
401 400
402 404
403 404
404 405
405 400
406 400
407 408
408 409
408 410
409 362
410 362
411 412
412 413
412 414
412 415
413 362
414 362
415 362
416 418
417 418
418 420
419 418
420 421
420 422
421 423
422 423
423 424
424 425
425 426
426 427
427 429
427 431
428 427
429 430
430 432
431 430
432 433
433 434
433 435
434 436
435 436
436 437
438 439
438 441
438 443
439 440
440 461
440 462
440 464
440 465
441 442
442 444
443 442
444 445
444 446
445 447
446 447
447 448
448 449
448 450
449 451
450 451
451 452
452 453
453 454
454 455
455 456
455 457
456 458
457 458
458 459
458 460
459 440
460 440
461 463
462 463
463 475
463 478
464 463
465 463
466 463
467 463
468 469
469 470
470 471
471 472
472 463
473 463
474 463
475 476
476 477
477 575
477 578
477 579
477 580
477 581
477 582
477 584
477 596
477 599
477 600
477 601
478 477
479 480
480 481
481 482
481 483
482 484
483 484
484 485
485 486
486 566
486 567
487 486
488 489
488 490
489 491
490 491
491 494
491 495
491 499
491 500
492 491
493 491
494 496
495 496
496 497
497 498
498 501
499 498
500 498
501 502
501 503
501 505
501 506
501 507
501 508
501 509
502 504
503 504
504 510
504 511
504 513
505 504
506 504
507 504
508 504
509 504
510 512
511 512
512 514
512 517
512 518
513 512
514 515
515 516
516 524
516 525
516 526
516 527
516 528
517 516
518 519
519 520
520 521
521 522
522 523
523 516
524 486
525 486
526 486
527 486
528 486
529 530
530 531
531 532
532 539
532 542
532 554
532 565
533 534
534 535
535 532
536 532
537 532
538 532
539 540
540 541
541 543
541 545
541 546
542 541
543 544
544 547
544 552
544 553
545 544
546 544
547 548
548 549
548 550
548 551
549 486
550 486
551 486
552 486
553 486
554 555
554 556
555 557
556 557
557 558
557 559
557 560
557 561
557 562
557 563
557 564
558 486
559 486
560 486
561 486
562 486
563 486
564 486
565 486
566 568
567 568
568 569
568 571
569 570
570 572
570 573
570 574
571 570
572 477
573 477
574 477
575 576
576 577
577 585
578 577
579 577
580 577
581 583
582 583
583 577
584 583
585 586
585 588
585 589
585 590
586 587
587 591
588 587
589 587
590 587
591 592
591 593
592 594
593 594
594 595
595 666
595 670
595 680
595 681
595 682
595 694
595 695
595 696
595 697
595 698
595 701
595 704
595 705
596 597
597 598
598 602
598 606
598 607
598 608
598 609
598 610
599 598
600 598
601 598
602 603
602 604
603 605
604 605
605 611
605 619
605 620
605 621
605 624
606 605
607 605
608 605
609 605
610 605
611 612
612 613
612 615
612 616
612 617
612 618
613 614
614 625
614 628
614 629
614 630
614 631
614 632
614 633
614 634
614 638
614 639
614 642
614 647
615 614
616 614
617 614
618 614
619 614
620 614
621 622
621 623
622 614
623 614
624 614
625 626
626 627
627 648
627 650
627 651
627 652
627 653
627 655
628 627
629 627
630 627
631 627
632 627
633 635
634 635
635 636
636 637
637 627
638 640
639 640
640 641
641 643
642 641
643 644
644 645
644 646
645 627
646 627
647 627
648 649
649 595
650 595
651 595
652 595
653 654
654 595
655 656
655 657
656 658
657 658
658 659
658 660
659 661
660 661
661 662
661 663
661 665
662 664
663 664
664 595
665 595
666 667
667 668
668 669
669 671
669 672
669 674
669 675
670 669
671 673
672 673
673 676
673 679
674 673
675 673
676 677
677 678
678 685
678 686
678 688
678 689
678 691
679 678
680 678
681 678
682 683
682 684
683 678
684 678
685 687
686 687
687 712
687 713
687 716
687 717
687 718
687 719
687 721
687 722
687 727
687 728
687 730
687 731
688 690
689 690
690 692
691 690
692 693
693 687
694 687
695 687
696 687
697 687
698 699
699 700
700 707
700 710
700 711
701 702
702 703
703 706
704 703
705 703
706 700
707 708
708 709
709 687
710 709
711 709
712 437
713 714
713 715
714 437
715 437
716 437
717 437
718 437
719 720
720 437
721 437
722 723
723 724
723 725
723 726
724 437
725 437
726 437
727 729
728 729
729 732
729 733
730 729
731 729
732 734
733 734
734 735
734 736
735 737
736 737
737 738
738 739
738 740
739 437
740 437
741 742
741 743
741 748
742 744
743 744
744 745
744 747
745 746
746 749
746 750
746 753
746 754
747 746
748 746
749 751
750 751
751 752
752 755
753 752
754 752
755 756
755 757
756 758
757 758
758 759
759 437
760 761
761 762
762 764
762 765
762 767
763 762
764 766
765 766
766 774
766 776
766 789
766 791
766 792
766 793
767 766
768 769
769 770
769 773
770 771
770 772
771 766
772 766
773 766
774 775
775 777
775 778
776 775
777 779
778 779
779 780
779 782
779 783
780 781
781 784
782 781
783 781
784 785
785 786
785 787
786 788
787 788
788 795
789 790
790 794
791 790
792 790
793 790
794 788
795 796
796 797
796 798
797 799
798 799
799 800
799 801
799 804
799 805
799 807
799 808
799 809
800 802
801 802
802 803
803 825
803 826
803 831
803 832
803 840
803 841
803 844
803 845
803 846
803 847
803 848
803 851
803 938
803 939
803 940
803 942
804 803
805 806
806 803
807 806
808 810
809 810
810 811
810 812
811 813
812 813
813 814
813 815
813 817
814 816
815 816
816 818
817 816
818 819
818 822
818 823
818 824
819 820
819 821
820 803
821 803
822 803
823 803
824 803
825 827
826 827
827 828
827 829
827 830
828 437
829 437
830 437
831 437
832 833
833 834
834 835
835 836
836 837
837 838
837 839
838 437
839 437
840 842
841 842
842 843
843 855
843 860
843 861
843 864
844 843
845 843
846 843
847 843
848 849
849 850
850 852
850 853
851 850
852 854
853 854
854 843
855 856
856 857
857 858
858 859
859 865
860 859
861 862
861 863
862 859
863 859
864 859
865 866
865 867
865 869
866 868
867 868
868 870
868 872
868 873
868 884
868 885
869 868
870 871
871 874
871 876
871 877
872 871
873 871
874 875
875 878
876 875
877 875
878 879
879 880
880 881
880 882
881 883
882 883
883 900
884 886
885 886
886 887
886 891
886 892
887 888
887 889
888 890
889 890
890 893
890 894
890 896
890 897
890 898
891 890
892 890
893 895
894 895
895 899
896 895
897 895
898 895
899 883
900 901
900 903
900 904
900 905
901 902
902 906
903 902
904 902
905 902
906 907
907 908
907 909
908 910
909 910
910 911
911 912
911 926
912 913
913 914
914 915
915 916
915 917
916 918
917 918
918 919
919 920
920 921
921 922
921 923
922 924
923 924
924 925
925 929
925 931
926 927
926 928
927 925
928 925
929 930
930 932
930 933
931 930
932 934
933 934
934 935
934 936
934 937
935 437
936 437
937 437
938 437
939 941
940 941
941 437
942 437
943 945
944 945
945 952
945 953
945 955
945 956
945 957
946 945
947 948
947 949
948 950
949 950
950 951
951 945
952 954
953 954
954 966
955 954
956 954
957 958
957 959
958 960
959 960
960 961
960 965
961 962
962 963
962 964
963 954
964 954
965 954
966 1014
966 1015
966 1035
966 1097
966 1101
966 1102
966 1104
966 1105
966 1236
966 1240
966 1241
966 1242
966 1243
966 1244
966 1245
966 1248
966 1260
966 1261
966 1271
966 1272
966 1273
966 1274
966 1283
966 1288
966 1289
966 1291
966 1295
966 1296
966 1297
966 1298
966 1299
966 1301
966 1302
966 1342
966 1343
966 1345
967 968
967 971
968 969
969 970
970 972
971 970
972 1005
972 1007
972 1008
972 1009
973 972
974 975
975 985
976 975
977 978
978 975
979 975
980 982
981 982
982 983
982 984
983 975
984 975
985 986
985 989
985 990
985 992
985 993
985 995
985 996
985 997
985 999
986 987
987 988
988 1000
988 1001
988 1002
989 991
990 991
991 988
992 994
993 994
994 988
995 988
996 998
997 998
998 988
999 988
1000 972
1001 1003
1002 1003
1003 1004
1004 972
1005 1006
1006 1010
1006 1012
1006 1013
1007 1006
1008 1006
1009 1006
1010 1011
1011 966
1012 966
1013 966
1014 1016
1015 1016
1016 1017
1016 1018
1017 1019
1018 1019
1019 1020
1019 1021
1020 1022
1021 1022
1022 1023
1022 1026
1023 1024
1024 1025
1025 1027
1026 1025
1027 1028
1027 1029
1028 1030
1029 1030
1030 1031
1031 1032
1031 1033
1032 1034
1033 1034
1034 1036
1034 1038
1034 1039
1034 1040
1034 1055
1034 1062
1034 1064
1034 1066
1034 1067
1034 1069
1035 1034
1036 1037
1037 1041
1038 1037
1039 1037
1040 1037
1041 1042
1041 1046
1041 1047
1042 1043
1042 1044
1043 1045
1044 1045
1045 1089
1045 1090
1045 1092
1046 1048
1047 1048
1048 1049
1048 1050
1048 1051
1048 1052
1048 1054
1049 1045
1050 1045
1051 1045
1052 1053
1053 1045
1054 1045
1055 1056
1056 1057
1057 1058
1057 1059
1057 1061
1058 1060
1059 1060
1060 1080
1061 1060
1062 1063
1063 1065
1064 1063
1065 1060
1066 1068
1067 1068
1068 1070
1068 1071
1068 1076
1068 1077
1068 1078
1068 1079
1069 1068
1070 1072
1071 1072
1072 1073
1073 1074
1073 1075
1074 1060
1075 1060
1076 1060
1077 1060
1078 1060
1079 1060
1080 1081
1081 1082
1082 1083
1083 1084
1084 1085
1084 1086
1085 1087
1086 1087
1087 1088
1088 1045
1089 1091
1090 1091
1091 1093
1092 1091
1093 1094
1093 1096
1094 1095
1095 1346
1095 1351
1095 1355
1095 1356
1095 1357
1095 1358
1095 1359
1095 1360
1095 1361
1095 1367
1095 1368
1096 1095
1097 1098
1097 1099
1098 1100
1099 1100
1100 1114
1100 1121
1101 1103
1102 1103
1103 1106
1104 1103
1105 1103
1106 1107
1106 1110
1107 1108
1108 1109
1109 1111
1109 1112
1109 1113
1110 1109
1111 1100
1112 1100
1113 1100
1114 1115
1114 1116
1115 1117
1116 1117
1117 1118
1117 1120
1118 1119
1119 1135
1119 1157
1119 1162
1119 1163
1119 1166
1119 1168
1119 1169
1119 1170
1119 1174
1119 1181
1119 1209
1119 1221
1119 1222
1119 1223
1119 1224
1120 1119
1121 1122
1121 1123
1122 1124
1123 1124
1124 1125
1124 1126
1124 1128
1125 1127
1126 1127
1127 1129
1128 1127
1129 1130
1129 1132
1129 1134
1130 1131
1131 1133
1132 1131
1133 1119
1134 1133
1135 1136
1136 1137
1136 1138
1136 1140
1137 1139
1138 1139
1139 1141
1140 1139
1141 1142
1141 1144
1142 1143
1143 1145
1144 1143
1145 1146
1146 1147
1146 1148
1146 1150
1146 1153
1146 1154
1147 1149
1148 1149
1149 1155
1150 1151
1151 1152
1152 1149
1153 1149
1154 1149
1155 1156
1156 1249
1156 1256
1157 1158
1158 1159
1158 1160
1159 1161
1160 1161
1161 1164
1161 1165
1162 1161
1163 1161
1164 1156
1165 1156
1166 1167
1167 1184
1167 1185
1167 1187
1167 1188
1167 1189
1167 1193
1167 1194
1167 1197
1167 1198
1167 1199
1167 1200
1167 1201
1167 1208
1168 1167
1169 1167
1170 1171
1170 1173
1171 1172
1172 1175
1172 1179
1172 1180
1173 1172
1174 1172
1175 1176
1176 1177
1177 1178
1178 1167
1179 1178
1180 1178
1181 1182
1181 1183
1182 1167
1183 1167
1184 1186
1185 1186
1186 1190
1186 1191
1186 1192
1187 1186
1188 1186
1189 1186
1190 1156
1191 1156
1192 1156
1193 1195
1194 1195
1195 1196
1196 1156
1197 1156
1198 1156
1199 1156
1200 1156
1201 1202
1201 1203
1202 1204
1203 1204
1204 1205
1205 1206
1205 1207
1206 1156
1207 1156
1208 1156
1209 1210
1210 1211
1211 1212
1212 1213
1213 1214
1214 1215
1215 1216
1216 1217
1216 1219
1216 1220
1217 1218
1218 1225
1219 1218
1220 1218
1221 1218
1222 1218
1223 1218
1224 1218
1225 1226
1225 1227
1226 1156
1227 1228
1228 1229
1228 1230
1229 1231
1230 1231
1231 1232
1232 1233
1233 1234
1233 1235
1234 1156
1235 1156
1236 1237
1236 1238
1236 1239
1237 1156
1238 1156
1239 1156
1240 1156
1241 1156
1242 1156
1243 1156
1244 1156
1245 1246
1246 1247
1247 1156
1248 1156
1249 1250
1249 1253
1249 1254
1249 1255
1250 1251
1251 1252
1252 1095
1253 1252
1254 1252
1255 1252
1256 1257
1257 1258
1257 1259
1258 1095
1259 1095
1260 1262
1261 1262
1262 1263
1262 1264
1262 1268
1263 1265
1264 1265
1265 1266
1266 1267
1267 1269
1268 1267
1269 1270
1270 1284
1270 1285
1270 1286
1270 1287
1271 1270
1272 1270
1273 1275
1274 1275
1275 1276
1276 1277
1277 1278
1277 1279
1278 1280
1279 1280
1280 1281
1280 1282
1281 1270
1282 1270
1283 1270
1284 1095
1285 1095
1286 1095
1287 1095
1288 1290
1289 1290
1290 1095
1291 1292
1291 1293
1292 1294
1293 1294
1294 1300
1295 1294
1296 1294
1297 1294
1298 1294
1299 1294
1300 1095
1301 1095
1302 1303
1302 1305
1302 1306
1303 1304
1304 1307
1304 1310
1304 1311
1305 1304
1306 1304
1307 1308
1308 1309
1309 1312
1310 1309
1311 1309
1312 1313
1312 1315
1312 1316
1312 1317
1312 1318
1312 1319
1313 1314
1314 1320
1314 1328
1314 1329
1315 1314
1316 1314
1317 1314
1318 1314
1319 1314
1320 1321
1321 1322
1321 1323
1322 1324
1323 1324
1324 1325
1324 1327
1325 1326
1326 1330
1326 1334
1326 1335
1327 1326
1328 1326
1329 1326
1330 1331
1330 1332
1331 1333
1332 1333
1333 1336
1333 1338
1334 1333
1335 1333
1336 1337
1337 1339
1337 1340
1337 1341
1338 1337
1339 1095
1340 1095
1341 1095
1342 1344
1343 1344
1344 1095
1345 1344
1346 1347
1347 1348
1348 1349
1349 1350
1350 1383
1350 1385
1350 1386
1350 1387
1350 1389
1350 1395
1350 1396
1350 1397
1350 1410
1351 1352
1351 1353
1351 1354
1352 1350
1353 1350
1354 1350
1355 1350
1356 1350
1357 1350
1358 1350
1359 1350
1360 1362
1361 1362
1362 1363
1362 1365
1362 1366
1363 1364
1364 1350
1365 1364
1366 1364
1367 1350
1368 1369
1369 1370
1370 1371
1371 1372
1372 1373
1373 1374
1374 1375
1375 1376
1376 1377
1376 1378
1376 1380
1376 1381
1376 1382
1377 1379
1378 1379
1379 1350
1380 1350
1381 1350
1382 1350
1383 1384
1384 1420
1384 1421
1384 1423
1384 1426
1384 1427
1384 1431
1384 1432
1384 1441
1384 1443
1385 1384
1386 1384
1387 1388
1388 1390
1388 1393
1388 1394
1389 1388
1390 1391
1390 1392
1391 1384
1392 1384
1393 1384
1394 1384
1395 1384
1396 1384
1397 1398
1398 1399
1398 1400
1398 1409
1399 1384
1400 1401
1401 1402
1402 1403
1403 1404
1404 1405
1405 1406
1405 1407
1405 1408
1406 1384
1407 1384
1408 1384
1409 1384
1410 1411
1410 1412
1410 1414
1410 1415
1410 1416
1410 1417
1410 1418
1411 1413
1412 1413
1413 1419
1414 1413
1415 1413
1416 1413
1417 1413
1418 1413
1419 1384
1420 1422
1421 1422
1422 1444
1422 1455
1422 1456
1422 1457
1422 1458
1422 1486
1422 1487
1422 1490
1422 1511
1422 1512
1422 1513
1422 1514
1422 1516
1422 1517
1422 1522
1422 1523
1422 1527
1422 1528
1422 1535
1422 1536
1422 1538
1422 1541
1422 1542
1422 1654
1422 1659
1422 1667
1422 1668
1422 1669
1422 1670
1422 1673
1422 1678
1422 1687
1422 1689
1422 1694
1422 1703
1423 1424
1424 1425
1425 1428
1426 1425
1427 1425
1428 1429
1428 1430
1429 1422
1430 1422
1431 1433
1432 1433
1433 1434
1433 1439
1434 1435
1434 1436
1435 1437
1436 1437
1437 1438
1438 1422
1439 1440
1440 1422
1441 1442
1442 1422
1443 1442
1444 1445
1444 1446
1444 1449
1445 1447
1446 1447
1447 1448
1448 1450
1449 1448
1450 1451
1450 1454
1451 1452
1452 1453
1453 2249
1453 2250
1453 2252
1453 2256
1453 2263
1454 1453
1455 1453
1456 1453
1457 1459
1458 1459
1459 1460
1460 1461
1461 1462
1462 1463
1462 1464
1462 1467
1462 1468
1463 1465
1464 1465
1465 1466
1466 1472
1467 1469
1468 1469
1469 1470
1470 1471
1471 1466
1472 1473
1473 1474
1473 1475
1474 1476
1475 1476
1476 1477
1476 1479
1476 1480
1476 1485
1477 1478
1478 1481
1478 1482
1478 1484
1479 1478
1480 1478
1481 1483
1482 1483
1483 1501
1483 1502
1483 1504
1484 1483
1485 1483
1486 1488
1487 1488
1488 1489
1489 1483
1490 1491
1491 1492
1491 1493
1491 1494
1491 1495
1491 1496
1491 1497
1491 1500
1492 1483
1493 1483
1494 1483
1495 1483
1496 1483
1497 1498
1497 1499
1498 1483
1499 1483
1500 1483
1501 1503
1502 1503
1503 1510
1504 1505
1505 1506
1506 1507
1506 1508
1507 1503
1508 1509
1509 1503
1510 1550
1510 1553
1510 1567
1510 1569
1510 1570
1510 1571
1510 1578
1510 1579
1510 1580
1510 1581
1511 1510
1512 1510
1513 1510
1514 1515
1515 1518
1515 1519
1516 1515
1517 1515
1518 1520
1519 1520
1520 1521
1521 1544
1522 1524
1523 1524
1524 1525
1525 1526
1526 1521
1527 1521
1528 1529
1529 1530
1529 1531
1529 1533
1529 1534
1530 1532
1531 1532
1532 1521
1533 1521
1534 1521
1535 1537
1536 1537
1537 1539
1537 1540
1538 1537
1539 1521
1540 1521
1541 1543
1542 1543
1543 1521
1544 1545
1544 1546
1545 1547
1546 1547
1547 1548
1548 1549
1549 1510
1550 1551
1551 1552
1552 1554
1552 1556
1553 1552
1554 1555
1555 1557
1555 1559
1556 1555
1557 1558
1558 1560
1559 1558
1560 1561
1561 1562
1562 1563
1563 1564
1564 1565
1565 1566
1566 1644
1566 1645
1567 1568
1568 1572
1568 1575
1568 1576
1568 1577
1569 1568
1570 1568
1571 1568
1572 1573
1572 1574
1573 1566
1574 1566
1575 1566
1576 1566
1577 1566
1578 1566
1579 1566
1580 1566
1581 1582
1582 1583
1582 1588
1582 1589
1583 1584
1583 1585
1583 1587
1584 1586
1585 1586
1586 1590
1586 1617
1586 1628
1586 1634
1587 1586
1588 1586
1589 1586
1590 1591
1590 1594
1590 1595
1590 1596
1590 1597
1590 1598
1590 1599
1590 1600
1590 1602
1590 1603
1590 1604
1590 1610
1590 1611
1590 1612
1590 1613
1590 1614
1590 1615
1590 1616
1591 1592
1591 1593
1592 1566
1593 1566
1594 1566
1595 1566
1596 1566
1597 1566
1598 1566
1599 1601
1600 1601
1601 1605
1601 1609
1602 1601
1603 1601
1604 1601
1605 1606
1605 1607
1605 1608
1606 1566
1607 1566
1608 1566
1609 1566
1610 1566
1611 1566
1612 1566
1613 1566
1614 1566
1615 1566
1616 1566
1617 1618
1617 1619
1618 1620
1619 1620
1620 1621
1621 1622
1621 1623
1621 1625
1622 1624
1623 1624
1624 1626
1624 1627
1625 1624
1626 1566
1627 1566
1628 1629
1629 1630
1629 1631
1630 1632
1631 1632
1632 1633
1633 1637
1633 1640
1633 1643
1634 1635
1634 1636
1635 1633
1636 1633
1637 1638
1638 1639
1639 1566
1640 1641
1641 1642
1642 1566
1643 1642
1644 1646
1645 1646
1646 1647
1646 1653
1647 1648
1648 1649
1649 1650
1649 1651
1650 1652
1651 1652
1652 1453
1653 1453
1654 1655
1654 1656
1654 1658
1655 1657
1656 1657
1657 1453
1658 1453
1659 1660
1659 1661
1660 1662
1661 1662
1662 1663
1662 1664
1663 1665
1664 1665
1665 1666
1666 1679
1666 1680
1666 1681
1666 1682
1666 1683
1666 1684
1666 1685
1666 1686
1667 1666
1668 1666
1669 1666
1670 1671
1671 1672
1672 1674
1672 1677
1673 1672
1674 1675
1675 1676
1676 1666
1677 1666
1678 1666
1679 1453
1680 1453
1681 1453
1682 1453
1683 1453
1684 1453
1685 1453
1686 1453
1687 1688
1688 1695
1688 1700
1688 1702
1689 1690
1689 1691
1689 1693
1690 1692
1691 1692
1692 1688
1693 1692
1694 1688
1695 1696
1696 1697
1696 1699
1697 1698
1698 1711
1698 1718
1698 1721
1698 1723
1698 1724
1698 1726
1698 1728
1698 1729
1698 1730
1698 1731
1698 1732
1699 1698
1700 1701
1701 1698
1702 1701
1703 1704
1703 1705
1703 1707
1704 1706
1705 1706
1706 1708
1706 1709
1706 1710
1707 1706
1708 1698
1709 1698
1710 1698
1711 1712
1712 1713
1713 1714
1713 1715
1713 1717
1714 1716
1715 1716
1716 1719
1717 1716
1718 1716
1719 1720
1720 1843
1720 1844
1720 1846
1720 1847
1720 1848
1720 1849
1720 1853
1720 1889
1720 1890
1720 1895
1720 1896
1720 1897
1720 1899
1720 1900
1720 1901
1720 1907
1720 1916
1720 1919
1720 1920
1720 1935
1720 1944
1720 1945
1720 1948
1720 1950
1720 1952
1720 1956
1720 1958
1720 1963
1720 1966
1720 1992
1720 2118
1720 2119
1720 2120
1720 2121
1720 2122
1720 2125
1720 2126
1720 2128
1720 2129
1720 2130
1720 2131
1720 2132
1721 1722
1722 1727
1723 1722
1724 1725
1725 1722
1726 1725
1727 1720
1728 1720
1729 1720
1730 1720
1731 1720
1732 1733
1733 1734
1733 1736
1733 1741
1733 1747
1733 1748
1733 1749
1733 1764
1733 1765
1733 1766
1733 1767
1734 1735
1735 1760
1735 1761
1735 1763
1736 1737
1736 1738
1736 1739
1737 1735
1738 1740
1739 1740
1740 1735
1741 1742
1742 1743
1742 1745
1742 1746
1743 1744
1744 1735
1745 1744
1746 1744
1747 1735
1748 1735
1749 1750
1749 1752
1749 1753
1749 1754
1749 1759
1750 1751
1751 1735
1752 1735
1753 1755
1754 1755
1755 1756
1755 1757
1755 1758
1756 1735
1757 1735
1758 1735
1759 1735
1760 1762
1761 1762
1762 1768
1762 1783
1763 1762
1764 1762
1765 1762
1766 1762
1767 1762
1768 1769
1768 1770
1769 1771
1770 1771
1771 1772
1771 1773
1771 1776
1772 1774
1773 1774
1774 1775
1775 1777
1775 1778
1775 1780
1776 1775
1777 1779
1778 1779
1779 1781
1780 1779
1781 1782
1782 1785
1782 1786
1783 1784
1784 1782
1785 1787
1786 1787
1787 1788
1788 1789
1789 1790
1790 1791
1790 1797
1790 1800
1791 1792
1792 1793
1793 1794
1793 1795
1794 1796
1795 1796
1796 1798
1797 1796
1798 1799
1799 1804
1799 1806
1799 1811
1799 1812
1800 1801
1800 1802
1800 1803
1801 1799
1802 1799
1803 1799
1804 1805
1805 1813
1806 1807
1807 1808
1807 1809
1807 1810
1808 1805
1809 1805
1810 1805
1811 1805
1812 1805
1813 1814
1814 1815
1814 1816
1814 1818
1814 1819
1815 1817
1816 1817
1817 1820
1817 1821
1817 1823
1818 1817
1819 1817
1820 1822
1821 1822
1822 1824
1822 1826
1822 1827
1822 1828
1823 1822
1824 1825
1825 1832
1825 1834
1825 1835
1825 1836
1825 1837
1825 1838
1826 1825
1827 1825
1828 1829
1828 1830
1828 1831
1829 1825
1830 1825
1831 1825
1832 1833
1833 1839
1833 1841
1833 1842
1834 1833
1835 1833
1836 1833
1837 1833
1838 1833
1839 1840
1840 1720
1841 1720
1842 1720
1843 1453
1844 1845
1845 1880
1846 1845
1847 1845
1848 1850
1849 1850
1850 1851
1851 1852
1852 1845
1853 1854
1854 1855
1854 1856
1854 1861
1855 1857
1856 1857
1857 1858
1858 1859
1859 1860
1860 1864
1860 1865
1860 1869
1860 1870
1860 1871
1861 1862
1861 1863
1862 1860
1863 1860
1864 1866
1865 1866
1866 1867
1867 1868
1868 1872
1868 1874
1868 1875
1869 1868
1870 1868
1871 1868
1872 1873
1873 1877
1874 1873
1875 1876
1876 1873
1877 1878
1878 1879
1879 1845
1880 1881
1880 1882
1880 1884
1880 1885
1880 1886
1881 1883
1882 1883
1883 1888
1884 1883
1885 1887
1886 1887
1887 1883
1888 1453
1889 1891
1890 1891
1891 1892
1891 1893
1892 1894
1893 1894
1894 1453
1895 1453
1896 1898
1897 1898
1898 1902
1899 1898
1900 1898
1901 1898
1902 1903
1903 1904
1904 1905
1905 1906
1906 1921
1906 1922
1906 1928
1906 1929
1907 1908
1907 1909
1907 1910
1907 1911
1907 1912
1907 1915
1908 1906
1909 1906
1910 1906
1911 1906
1912 1913
1912 1914
1913 1906
1914 1906
1915 1906
1916 1917
1916 1918
1917 1906
1918 1906
1919 1906
1920 1906
1921 1923
1922 1923
1923 1924
1923 1925
1923 1927
1924 1926
1925 1926
1926 1930
1927 1926
1928 1926
1929 1926
1930 1931
1930 1932
1930 1934
1931 1933
1932 1933
1933 2025
1933 2026
1933 2027
1933 2031
1933 2032
1933 2033
1933 2034
1933 2045
1933 2046
1933 2047
1933 2048
1933 2049
1933 2050
1933 2051
1933 2052
1933 2053
1933 2054
1933 2055
1933 2056
1933 2057
1933 2059
1933 2060
1933 2061
1933 2062
1933 2063
1933 2064
1933 2065
1933 2066
1933 2067
1933 2068
1933 2069
1933 2071
1933 2080
1933 2081
1933 2082
1933 2083
1933 2088
1933 2089
1933 2090
1933 2091
1933 2095
1933 2096
1934 1933
1935 1936
1936 1937
1937 1938
1938 1939
1939 1940
1939 1943
1940 1941
1941 1942
1942 1933
1943 1933
1944 1946
1945 1946
1946 1947
1947 1933
1948 1949
1949 1953
1949 1954
1949 1955
1950 1951
1951 1949
1952 1951
1953 1933
1954 1933
1955 1933
1956 1957
1957 1959
1957 1960
1958 1957
1959 1961
1960 1961
1961 1962
1962 1933
1963 1964
1964 1965
1965 1933
1966 1967
1967 1968
1968 1969
1969 1970
1969 1971
1969 1973
1969 1974
1970 1972
1971 1972
1972 1975
1972 1976
1972 1978
1973 1972
1974 1972
1975 1977
1976 1977
1977 1979
1977 1981
1977 1982
1977 1983
1978 1977
1979 1980
1980 1984
1981 1980
1982 1980
1983 1980
1984 1985
1985 1986
1985 1987
1985 1990
1986 1933
1987 1988
1987 1989
1988 1933
1989 1933
1990 1991
1991 1933
1992 1993
1992 1997
1993 1994
1994 1995
1995 1996
1996 2000
1997 1998
1998 1999
1999 1996
2000 2001
2000 2002
2001 2003
2002 2003
2003 2004
2003 2005
2003 2023
2003 2024
2004 2006
2005 2006
2006 2007
2006 2008
2006 2014
2006 2015
2007 2009
2008 2009
2009 2010
2009 2012
2009 2013
2010 2011
2011 2016
2012 2011
2013 2011
2014 2011
2015 2011
2016 2017
2017 2018
2018 2019
2019 2020
2020 2021
2021 2022
2022 1933
2023 1933
2024 1933
2025 1453
2026 2028
2027 2028
2028 2029
2028 2030
2029 1453
2030 1453
2031 1453
2032 1453
2033 1453
2034 2035
2035 2036
2036 2037
2037 2038
2038 2039
2038 2040
2038 2042
2038 2043
2039 2041
2040 2041
2041 2044
2042 2041
2043 2041
2044 1453
2045 1453
2046 1453
2047 1453
2048 1453
2049 1453
2050 1453
2051 1453
2052 1453
2053 1453
2054 1453
2055 1453
2056 2058
2057 2058
2058 2072
2059 2058
2060 2058
2061 2058
2062 2058
2063 2058
2064 2058
2065 2058
2066 2058
2067 2058
2068 2070
2069 2070
2070 2058
2071 2058
2072 2073
2072 2074
2072 2076
2073 2075
2074 2075
2075 2077
2075 2078
2076 2075
2077 2079
2078 2079
2079 1453
2080 1453
2081 1453
2082 1453
2083 2084
2084 2085
2085 2086
2086 2087
2087 1453
2088 1453
2089 1453
2090 1453
2091 2092
2091 2094
2092 2093
2093 2098
2093 2099
2093 2101
2093 2102
2094 2093
2095 2097
2096 2097
2097 2093
2098 2100
2099 2100
2100 2103
2101 2100
2102 2100
2103 2104
2104 2105
2105 2106
2106 2107
2107 2108
2108 2109
2109 2110
2110 2111
2110 2112
2111 2113
2112 2113
2113 2114
2114 2115
2114 2116
2115 2117
2116 2117
2117 1453
2118 1453
2119 1453
2120 1453
2121 1453
2122 2123
2122 2124
2123 1453
2124 1453
2125 2127
2126 2127
2127 1453
2128 1453
2129 1453
2130 1453
2131 1453
2132 2133
2133 2134
2133 2135
2134 2136
2135 2136
2136 2137
2136 2138
2136 2157
2136 2158
2136 2159
2136 2160
2136 2162
2136 2163
2137 1453
2138 2139
2139 2140
2139 2141
2139 2143
2139 2144
2139 2145
2139 2146
2140 2142
2141 2142
2142 2147
2143 2142
2144 2142
2145 2142
2146 2142
2147 2148
2148 2149
2148 2150
2149 2151
2150 2151
2151 2152
2152 2153
2153 2154
2153 2155
2154 2156
2155 2156
2156 2167
2156 2168
2157 2156
2158 2156
2159 2161
2160 2161
2161 2164
2161 2165
2162 2161
2163 2161
2164 2166
2165 2166
2166 2156
2167 2169
2168 2169
2169 2170
2169 2172
2169 2174
2169 2179
2169 2187
2169 2189
2169 2190
2169 2196
2169 2197
2169 2198
2170 2171
2171 2173
2172 2171
2173 2199
2173 2201
2173 2202
2173 2205
2173 2206
2173 2207
2173 2209
2173 2210
2173 2211
2173 2222
2173 2223
2173 2224
2173 2228
2173 2232
2173 2235
2173 2236
2174 2175
2174 2176
2175 2173
2176 2177
2176 2178
2177 2173
2178 2173
2179 2180
2180 2181
2180 2183
2180 2184
2180 2186
2181 2182
2182 2173
2183 2173
2184 2185
2185 2173
2186 2173
2187 2188
2188 2192
2189 2191
2190 2191
2191 2188
2192 2193
2193 2194
2194 2195
2195 2173
2196 2173
2197 2173
2198 2173
2199 2200
2200 2203
2201 2200
2202 2200
2203 2204
2204 2246
2204 2248
2205 2204
2206 2208
2207 2208
2208 2218
2208 2219
2208 2221
2209 2208
2210 2208
2211 2212
2211 2213
2211 2215
2211 2216
2212 2214
2213 2214
2214 2217
2215 2214
2216 2214
2217 2208
2218 2220
2219 2220
2220 2204
2221 2220
2222 2220
2223 2220
2224 2225
2225 2226
2225 2227
2226 2204
2227 2204
2228 2229
2228 2230
2229 2231
2230 2231
2231 2204
2232 2233
2232 2234
2233 2204
2234 2204
2235 2204
2236 2237
2237 2238
2237 2239
2238 2240
2239 2240
2240 2241
2241 2242
2242 2243
2242 2245
2243 2244
2244 2204
2245 2204
2246 2247
2247 1453
2248 1453
2249 2251
2250 2251
2251 2274
2251 2279
2251 2280
2251 2282
2251 2283
2251 2284
2251 2286
2251 2287
2251 2288
2251 2289
2251 2291
2251 2301
2252 2253
2252 2255
2253 2254
2254 2264
2255 2254
2256 2257
2257 2258
2258 2259
2258 2260
2258 2262
2259 2261
2260 2261
2261 2254
2262 2261
2263 2254
2264 2265
2265 2266
2266 2267
2267 2268
2268 2269
2268 2270
2269 2271
2270 2271
2271 2272
2271 2273
2272 2251
2273 2251
2274 2275
2275 2276
2275 2278
2276 2277
2277 2302
2277 2825
2277 2826
2277 2828
2277 2829
2277 2830
2277 2831
2277 2832
2277 2834
2277 2852
2277 2853
2277 2854
2277 2856
2277 2857
2277 2858
2277 2863
2277 2864
2277 2866
2277 2867
2277 2868
2277 2869
2277 2874
2277 2878
2277 2879
2278 2277
2279 2281
2280 2281
2281 2277
2282 2281
2283 2277
2284 2285
2285 2277
2286 2285
2287 2277
2288 2277
2289 2290
2290 2292
2290 2294
2290 2295
2290 2296
2290 2297
2290 2298
2291 2290
2292 2293
2293 2299
2293 2300
2294 2293
2295 2293
2296 2293
2297 2293
2298 2293
2299 2277
2300 2277
2301 2277
2302 2303
2302 2304
2303 2305
2304 2305
2305 2306
2306 2307
2307 2308
2308 2309
2309 2310
2309 2311
2310 2312
2311 2312
2312 2313
2313 2314
2314 2315
2315 2316
2315 2320
2316 2317
2316 2318
2317 2319
2318 2319
2319 2321
2320 2319
2321 2322
2322 2323
2322 2324
2322 2326
2322 2327
2322 2328
2322 2329
2322 2333
2322 2334
2322 2335
2322 2345
2322 2349
2323 2325
2324 2325
2325 2368
2325 2369
2325 2372
2325 2373
2325 2380
2325 2381
2325 2405
2325 2409
2325 2410
2325 2411
2325 2413
2325 2414
2325 2415
2325 2423
2325 2432
2325 2434
2325 2435
2325 2436
2325 2440
2325 2475
2325 2483
2325 2484
2326 2325
2327 2325
2328 2330
2329 2330
2330 2331
2331 2332
2332 2338
2332 2339
2333 2332
2334 2332
2335 2336
2335 2337
2336 2332
2337 2332
2338 2340
2339 2340
2340 2341
2340 2342
2341 2343
2342 2343
2343 2344
2344 2325
2345 2346
2345 2348
2346 2347
2347 2350
2347 2351
2347 2353
2348 2347
2349 2347
2350 2352
2351 2352
2352 2354
2352 2356
2352 2362
2353 2352
2354 2355
2355 2364
2355 2365
2355 2366
2355 2367
2356 2357
2357 2358
2358 2359
2358 2360
2359 2361
2360 2361
2361 2355
2362 2363
2363 2355
2364 2325
2365 2325
2366 2325
2367 2325
2368 2370
2369 2370
2370 2371
2371 2376
2371 2377
2371 2379
2372 2371
2373 2374
2373 2375
2374 2371
2375 2371
2376 2378
2377 2378
2378 2382
2378 2384
2378 2385
2379 2378
2380 2378
2381 2378
2382 2383
2383 2386
2384 2383
2385 2383
2386 2387
2386 2388
2386 2390
2386 2391
2387 2389
2388 2389
2389 2392
2389 2396
2389 2397
2390 2389
2391 2389
2392 2393
2393 2394
2394 2395
2395 2398
2395 2399
2395 2401
2395 2403
2396 2395
2397 2395
2398 2400
2399 2400
2400 2426
2400 2427
2400 2430
2400 2431
2401 2402
2402 2400
2403 2404
2404 2400
2405 2406
2406 2407
2407 2408
2408 2418
2409 2408
2410 2408
2411 2412
2412 2408
2413 2408
2414 2416
2415 2416
2416 2417
2417 2408
2418 2419
2419 2420
2420 2421
2421 2422
2422 2424
2422 2425
2423 2422
2424 2400
2425 2400
2426 2428
2427 2428
2428 2429
2429 2485
2429 2575
2429 2579
2429 2580
2429 2582
2429 2584
2429 2614
2429 2615
2429 2674
2429 2675
2429 2677
2429 2774
2429 2775
2429 2777
2429 2778
2430 2429
2431 2429
2432 2433
2433 2437
2433 2438
2434 2433
2435 2433
2436 2433
2437 2439
2438 2439
2439 2441
2439 2443
2439 2444
2439 2445
2440 2439
2441 2442
2442 2446
2442 2473
2443 2442
2444 2442
2445 2442
2446 2447
2447 2448
2447 2449
2448 2450
2449 2450
2450 2451
2450 2452
2450 2454
2450 2455
2450 2463
2450 2465
2450 2468
2450 2472
2451 2453
2452 2453
2453 2456
2454 2453
2455 2453
2456 2457
2456 2458
2456 2459
2456 2460
2456 2461
2457 2429
2458 2429
2459 2429
2460 2429
2461 2462
2462 2429
2463 2464
2464 2470
2465 2466
2465 2467
2466 2464
2467 2464
2468 2469
2469 2464
2470 2471
2471 2429
2472 2429
2473 2474
2474 2429
2475 2476
2475 2477
2475 2479
2476 2478
2477 2478
2478 2480
2479 2478
2480 2481
2480 2482
2481 2429
2482 2429
2483 2429
2484 2429
2485 2486
2486 2487
2487 2488
2487 2489
2487 2491
2487 2492
2487 2493
2487 2495
2487 2496
2487 2498
2487 2509
2487 2510
2487 2511
2488 2490
2489 2490
2490 2517
2490 2518
2490 2520
2490 2521
2490 2523
2490 2539
2490 2541
2490 2542
2490 2545
2490 2546
2490 2561
2490 2563
2490 2565
2490 2567
2491 2490
2492 2490
2493 2494
2494 2499
2494 2508
2495 2494
2496 2497
2497 2494
2498 2494
2499 2500
2499 2501
2499 2502
2499 2503
2499 2504
2499 2505
2499 2506
2499 2507
2500 2490
2501 2490
2502 2490
2503 2490
2504 2490
2505 2490
2506 2490
2507 2490
2508 2490
2509 2490
2510 2512
2511 2512
2512 2513
2513 2514
2513 2515
2514 2516
2515 2516
2516 2490
2517 2519
2518 2519
2519 2537
2520 2519
2521 2522
2522 2524
2522 2525
2522 2526
2522 2533
2523 2522
2524 2519
2525 2519
2526 2527
2526 2529
2527 2528
2528 2530
2529 2528
2530 2531
2531 2532
2532 2519
2533 2534
2533 2535
2533 2536
2534 2519
2535 2519
2536 2519
2537 2538
2538 2633
2538 2636
2538 2637
2538 2639
2538 2640
2538 2643
2538 2644
2538 2646
2538 2647
2538 2649
2538 2650
2538 2651
2538 2653
2538 2654
2538 2655
2538 2656
2538 2657
2539 2540
2540 2574
2541 2540
2542 2543
2543 2544
2544 2540
2545 2544
2546 2547
2546 2548
2546 2550
2546 2551
2546 2552
2546 2553
2547 2549
2548 2549
2549 2554
2550 2549
2551 2549
2552 2549
2553 2549
2554 2555
2555 2556
2556 2557
2557 2558
2557 2559
2557 2560
2558 2540
2559 2540
2560 2540
2561 2562
2562 2564
2563 2562
2564 2540
2565 2566
2566 2568
2566 2571
2566 2572
2566 2573
2567 2566
2568 2569
2568 2570
2569 2540
2570 2540
2571 2540
2572 2540
2573 2540
2574 2538
2575 2576
2576 2577
2577 2578
2578 2585
2578 2589
2578 2590
2579 2581
2580 2581
2581 2578
2582 2583
2583 2578
2584 2578
2585 2586
2585 2587
2586 2588
2587 2588
2588 2595
2589 2591
2590 2591
2591 2592
2592 2593
2592 2594
2593 2588
2594 2588
2595 2596
2595 2597
2595 2599
2595 2600
2596 2598
2597 2598
2598 2601
2598 2602
2598 2608
2598 2609
2598 2610
2598 2611
2599 2598
2600 2598
2601 2603
2602 2603
2603 2604
2604 2605
2604 2606
2604 2607
2605 2538
2606 2538
2607 2538
2608 2538
2609 2538
2610 2538
2611 2612
2612 2613
2613 2538
2614 2616
2615 2616
2616 2617
2617 2618
2618 2619
2619 2620
2619 2631
2619 2632
2620 2621
2620 2622
2621 2623
2622 2623
2623 2624
2623 2626
2623 2627
2623 2628
2623 2629
2624 2625
2625 2630
2626 2625
2627 2625
2628 2625
2629 2625
2630 2538
2631 2538
2632 2538
2633 2634
2634 2635
2635 2658
2636 2638
2637 2638
2638 2641
2638 2642
2639 2638
2640 2638
2641 2635
2642 2635
2643 2645
2644 2645
2645 2648
2646 2645
2647 2645
2648 2635
2649 2635
2650 2652
2651 2652
2652 2635
2653 2635
2654 2635
2655 2635
2656 2635
2657 2635
2658 2659
2658 2660
2658 2662
2659 2661
2660 2661
2661 2663
2662 2661
2663 2664
2663 2665
2664 2666
2665 2666
2666 2667
2667 2668
2668 2669
2669 2670
2670 2671
2670 2672
2671 2673
2672 2673
2673 3484
2673 3485
2674 2676
2675 2676
2676 2678
2677 2676
2678 2679
2678 2680
2678 2682
2678 2684
2679 2681
2680 2681
2681 2683
2682 2681
2683 2685
2683 2687
2683 2688
2684 2683
2685 2686
2686 2689
2687 2686
2688 2686
2689 2690
2689 2691
2690 2692
2691 2692
2692 2693
2693 2694
2693 2695
2693 2709
2693 2724
2693 2725
2693 2726
2694 2696
2695 2696
2696 2697
2696 2700
2696 2701
2696 2702
2696 2704
2696 2705
2697 2698
2698 2699
2699 2729
2699 2731
2699 2741
2700 2699
2701 2703
2702 2703
2703 2707
2704 2703
2705 2706
2706 2703
2707 2708
2708 2699
2709 2710
2709 2711
2709 2713
2710 2712
2711 2712
2712 2714
2712 2717
2713 2712
2714 2715
2715 2716
2716 2718
2716 2722
2716 2723
2717 2716
2718 2719
2718 2720
2719 2721
2720 2721
2721 2699
2722 2721
2723 2721
2724 2699
2725 2727
2726 2727
2727 2728
2728 2699
2729 2730
2730 2732
2731 2730
2732 2733
2733 2734
2734 2735
2735 2736
2735 2737
2735 2739
2736 2738
2737 2738
2738 2740
2739 2738
2740 2742
2740 2743
2741 2740
2742 2744
2743 2744
2744 2745
2744 2756
2744 2757
2744 2759
2744 2760
2744 2761
2745 2746
2746 2747
2747 2748
2747 2752
2747 2754
2747 2755
2748 2749
2748 2750
2749 2751
2750 2751
2751 2763
2751 2764
2752 2753
2753 2751
2754 2753
2755 2753
2756 2758
2757 2758
2758 2762
2759 2758
2760 2758
2761 2758
2762 2751
2763 2765
2764 2765
2765 2766
2765 2768
2765 2769
2766 2767
2767 2770
2768 2767
2769 2767
2770 2771
2771 2772
2772 2773
2773 2673
2774 2776
2775 2776
2776 2781
2776 2783
2776 2798
2776 2801
2777 2776
2778 2779
2778 2780
2779 2776
2780 2776
2781 2782
2782 2784
2782 2786
2782 2787
2783 2782
2784 2785
2785 2788
2785 2789
2785 2791
2785 2792
2786 2785
2787 2785
2788 2790
2789 2790
2790 2802
2790 2803
2790 2805
2791 2790
2792 2793
2793 2794
2793 2795
2793 2796
2793 2797
2794 2790
2795 2790
2796 2790
2797 2790
2798 2799
2798 2800
2799 2790
2800 2790
2801 2790
2802 2804
2803 2804
2804 2806
2804 2807
2804 2810
2805 2804
2806 2808
2807 2808
2808 2809
2809 2817
2810 2811
2810 2812
2811 2813
2812 2813
2813 2814
2814 2815
2814 2816
2815 2809
2816 2809
2817 2818
2818 2819
2819 2820
2819 2821
2820 2822
2821 2822
2822 2823
2823 2824
2824 2673
2825 2827
2826 2827
2827 2880
2827 2882
2827 2883
2827 2884
2827 2886
2827 2889
2827 2893
2827 2896
2828 2827
2829 2827
2830 2827
2831 2827
2832 2833
2833 2827
2834 2835
2835 2836
2836 2837
2836 2838
2836 2840
2836 2841
2836 2844
2836 2845
2837 2839
2838 2839
2839 2849
2839 2850
2839 2851
2840 2842
2841 2842
2842 2843
2843 2839
2844 2846
2845 2846
2846 2847
2846 2848
2847 2839
2848 2839
2849 2827
2850 2827
2851 2827
2852 2827
2853 2855
2854 2855
2855 2859
2855 2860
2855 2861
2855 2862
2856 2855
2857 2855
2858 2855
2859 2827
2860 2827
2861 2827
2862 2827
2863 2865
2864 2865
2865 2827
2866 2865
2867 2865
2868 2827
2869 2870
2869 2871
2870 2872
2871 2872
2872 2873
2873 2875
2873 2877
2874 2873
2875 2876
2876 2827
2877 2827
2878 2827
2879 2827
2880 2881
2881 2920
2881 2922
2881 2923
2881 2924
2881 2925
2881 2926
2881 2927
2881 2935
2881 2974
2881 2976
2881 2982
2881 2984
2881 2992
2881 2997
2881 2998
2881 2999
2881 3005
2881 3006
2881 3013
2881 3014
2881 3015
2881 3027
2881 3255
2881 3256
2881 3258
2881 3260
2881 3261
2881 3264
2881 3265
2881 3266
2881 3267
2881 3268
2881 3269
2882 2881
2883 2885
2884 2885
2885 2887
2885 2888
2886 2885
2887 2881
2888 2881
2889 2890
2890 2891
2891 2892
2892 2894
2893 2892
2894 2895
2895 2897
2895 2899
2895 2900
2895 2902
2895 2903
2895 2904
2895 2907
2896 2895
2897 2898
2898 2901
2899 2898
2900 2898
2901 2905
2901 2906
2902 2901
2903 2901
2904 2901
2905 2881
2906 2881
2907 2908
2908 2909
2908 2910
2909 2911
2910 2911
2911 2912
2912 2913
2912 2914
2912 2915
2912 2916
2912 2917
2912 2918
2913 2881
2914 2881
2915 2881
2916 2881
2917 2919
2918 2919
2919 2881
2920 2921
2921 2928
2922 2921
2923 2921
2924 2921
2925 2921
2926 2921
2927 2921
2928 2929
2928 2930
2929 2931
2930 2931
2931 2932
2931 2934
2932 2933
2933 3028
2933 3033
2933 3034
2933 3035
2933 3036
2933 3173
2933 3174
2934 2933
2935 2936
2936 2937
2936 2939
2936 2940
2936 2941
2937 2938
2938 2942
2938 2944
2938 2945
2938 2946
2938 2947
2938 2948
2938 2951
2938 2952
2938 2958
2938 2959
2938 2961
2939 2938
2940 2938
2941 2938
2942 2943
2943 2953
2943 2954
2943 2956
2944 2943
2945 2943
2946 2943
2947 2943
2948 2949
2949 2950
2950 2943
2951 2950
2952 2943
2953 2955
2954 2955
2955 2957
2956 2955
2957 2962
2957 2963
2957 2964
2957 2968
2957 2970
2957 2971
2958 2960
2959 2960
2960 2957
2961 2957
2962 2933
2963 2965
2964 2965
2965 2966
2965 2967
2966 2933
2967 2933
2968 2969
2969 2933
2970 2933
2971 2972
2972 2973
2973 2933
2974 2975
2975 2977
2975 2980
2976 2975
2977 2978
2978 2979
2979 2981
2980 2979
2981 3022
2981 3023
2981 3024
2981 3025
2981 3026
2982 2983
2983 2985
2984 2983
2985 2986
2986 2987
2986 2989
2986 2990
2986 2991
2987 2988
2988 3016
2988 3020
2988 3021
2989 2988
2990 2988
2991 2988
2992 2993
2992 2994
2992 2996
2993 2995
2994 2995
2995 2988
2996 2995
2997 2988
2998 2988
2999 3000
2999 3001
2999 3003
2999 3004
3000 3002
3001 3002
3002 2988
3003 3002
3004 3002
3005 3007
3006 3007
3007 3008
3007 3009
3007 3011
3007 3012
3008 3010
3009 3010
3010 2988
3011 3010
3012 2988
3013 2988
3014 2988
3015 2988
3016 3017
3017 3018
3018 3019
3019 2981
3020 2981
3021 2981
3022 2933
3023 2933
3024 2933
3025 2933
3026 2933
3027 2933
3028 3029
3028 3030
3028 3032
3029 3031
3030 3031
3031 3037
3031 3040
3031 3041
3032 3031
3033 3031
3034 3031
3035 3031
3036 3031
3037 3038
3038 3039
3039 3049
3039 3050
3039 3052
3039 3053
3039 3096
3039 3097
3039 3099
3039 3100
3039 3166
3040 3039
3041 3042
3041 3044
3041 3048
3042 3043
3043 3045
3043 3046
3044 3043
3045 3047
3046 3047
3047 3039
3048 3047
3049 3051
3050 3051
3051 3056
3051 3057
3051 3059
3051 3060
3051 3061
3051 3063
3052 3051
3053 3054
3054 3055
3055 3051
3056 3058
3057 3058
3058 3064
3058 3065
3058 3067
3058 3069
3058 3070
3058 3071
3058 3072
3058 3073
3058 3074
3058 3075
3059 3058
3060 3058
3061 3062
3062 3058
3063 3058
3064 3066
3065 3066
3066 3068
3067 3066
3068 3076
3068 3077
3069 3068
3070 3068
3071 3068
3072 3068
3073 3068
3074 3068
3075 3068
3076 3078
3077 3078
3078 3079
3078 3085
3078 3095
3079 3080
3080 3081
3081 3082
3081 3083
3082 3084
3083 3084
3084 3086
3084 3087
3084 3089
3085 3084
3086 3088
3087 3088
3088 3094
3089 3090
3090 3091
3090 3092
3091 3093
3092 3093
3093 3088
3094 3124
3094 3130
3094 3131
3094 3132
3094 3133
3094 3134
3094 3136
3095 3094
3096 3094
3097 3098
3098 3101
3098 3102
3098 3104
3098 3105
3098 3106
3098 3121
3098 3122
3098 3123
3099 3098
3100 3098
3101 3103
3102 3103
3103 3094
3104 3094
3105 3094
3106 3107
3106 3110
3106 3115
3107 3108
3107 3109
3108 3094
3109 3094
3110 3111
3111 3112
3112 3113
3112 3114
3113 3094
3114 3094
3115 3116
3115 3120
3116 3117
3117 3118
3117 3119
3118 3094
3119 3094
3120 3094
3121 3094
3122 3094
3123 3094
3124 3125
3124 3127
3124 3128
3125 3126
3126 3137
3127 3126
3128 3129
3129 3126
3130 3126
3131 3126
3132 3126
3133 3135
3134 3135
3135 3126
3136 3126
3137 3138
3137 3139
3138 3140
3139 3140
3140 3141
3140 3142
3141 3143
3142 3143
3143 3144
3143 3145
3143 3147
3143 3148
3143 3149
3143 3150
3143 3151
3144 3146
3145 3146
3146 3156
3146 3158
3146 3159
3146 3160
3147 3146
3148 3146
3149 3146
3150 3146
3151 3152
3151 3153
3151 3155
3152 3154
3153 3154
3154 3146
3155 3146
3156 3157
3157 3161
3158 3157
3159 3157
3160 3157
3161 3162
3161 3163
3161 3165
3162 3164
3163 3164
3164 3167
3164 3168
3164 3170
3164 3171
3165 3164
3166 3164
3167 3169
3168 3169
3169 3181
3169 3183
3169 3192
3169 3193
3169 3222
3169 3223
3169 3254
3170 3172
3171 3172
3172 3169
3173 3175
3174 3175
3175 3176
3175 3177
3176 3178
3177 3178
3178 3179
3178 3180
3179 3169
3180 3169
3181 3182
3182 3194
3182 3195
3183 3184
3184 3185
3184 3190
3185 3186
3185 3187
3186 3188
3187 3188
3188 3189
3189 3191
3190 3189
3191 3182
3192 3182
3193 3182
3194 3196
3195 3196
3196 3197
3196 3198
3196 3200
3196 3201
3197 3199
3198 3199
3199 3202
3199 3203
3200 3199
3201 3199
3202 3204
3203 3204
3204 3205
3205 3206
3205 3207
3206 3208
3207 3208
3208 3209
3208 3214
3208 3217
3208 3218
3208 3221
3209 3210
3209 3211
3210 3212
3211 3212
3212 3213
3213 3237
3213 3238
3213 3245
3213 3246
3214 3215
3214 3216
3215 3213
3216 3213
3217 3219
3218 3219
3219 3220
3220 3213
3221 3213
3222 3224
3223 3224
3224 3225
3225 3226
3226 3227
3226 3229
3226 3230
3227 3228
3228 3231
3228 3232
3228 3234
3228 3235
3228 3236
3229 3228
3230 3228
3231 3213
3232 3233
3233 3213
3234 3233
3235 3213
3236 3213
3237 3239
3238 3239
3239 3240
3240 3241
3241 3242
3242 3243
3243 3244
3244 3270
3244 3272
3244 3274
3244 3275
3244 3276
3244 3277
3244 3278
3244 3279
3244 3283
3244 3286
3244 3287
3244 3289
3244 3290
3244 3292
3244 3293
3244 3295
3244 3296
3244 3300
3244 3305
3244 3307
3245 3247
3246 3247
3247 3248
3247 3249
3248 3250
3249 3250
3250 3251
3251 3252
3251 3253
3252 3244
3253 3244
3254 3244
3255 3257
3256 3257
3257 3262
3258 3259
3259 3257
3260 3257
3261 3257
3262 3263
3263 3244
3264 3244
3265 3244
3266 3244
3267 3244
3268 3244
3269 3244
3270 3271
3271 3273
3272 3271
3273 3280
3273 3281
3274 3273
3275 3273
3276 3273
3277 3273
3278 3273
3279 3273
3280 3282
3281 3282
3282 3320
3282 3478
3282 3483
3283 3284
3283 3285
3284 3282
3285 3282
3286 3288
3287 3288
3288 3297
3289 3288
3290 3291
3291 3288
3292 3291
3293 3294
3294 3288
3295 3294
3296 3288
3297 3298
3297 3299
3298 3282
3299 3282
3300 3301
3300 3302
3301 3303
3302 3303
3303 3304
3304 3282
3305 3306
3306 3308
3307 3306
3308 3309
3309 3310
3309 3311
3309 3312
3309 3313
3310 3282
3311 3282
3312 3282
3313 3314
3313 3319
3314 3315
3315 3316
3316 3317
3317 3318
3318 3282
3319 3282
3320 3321
3320 3325
3320 3326
3320 3328
3320 3329
3320 3332
3320 3333
3321 3322
3322 3323
3323 3324
3324 3327
3325 3324
3326 3324
3327 3339
3327 3341
3327 3342
3327 3343
3327 3349
3327 3444
3327 3450
3327 3451
3327 3454
3327 3457
3327 3462
3327 3463
3327 3468
3327 3476
3327 3477
3328 3330
3329 3330
3330 3331
3331 3338
3332 3331
3333 3334
3333 3335
3333 3336
3333 3337
3334 3331
3335 3331
3336 3331
3337 3331
3338 3327
3339 3340
3340 3350
3340 3351
3340 3353
3340 3356
3340 3357
3340 3358
3340 3359
3340 3360
3340 3361
3340 3382
3341 3340
3342 3340
3343 3344
3344 3345
3345 3346
3345 3347
3345 3348
3346 3340
3347 3340
3348 3340
3349 3340
3350 3352
3351 3352
3352 3354
3353 3352
3354 3355
3355 3362
3356 3355
3357 3355
3358 3355
3359 3355
3360 3355
3361 3355
3362 3363
3362 3365
3362 3366
3362 3368
3362 3369
3362 3374
3362 3375
3363 3364
3364 3376
3364 3377
3364 3378
3364 3381
3365 3367
3366 3367
3367 3364
3368 3370
3369 3370
3370 3371
3370 3372
3370 3373
3371 3364
3372 3364
3373 3364
3374 3364
3375 3364
3376 2673
3377 2673
3378 3379
3378 3380
3379 2673
3380 2673
3381 2673
3382 3383
3383 3384
3383 3386
3384 3385
3385 3387
3386 3385
3387 3388
3388 3389
3388 3390
3388 3392
3388 3393
3389 3391
3390 3391
3391 3394
3391 3396
3391 3398
3391 3399
3391 3400
3391 3401
3391 3402
3392 3391
3393 3391
3394 3395
3395 3403
3395 3404
3395 3405
3395 3406
3395 3407
3395 3408
3395 3410
3395 3411
3396 3397
3397 3395
3398 3395
3399 3395
3400 3395
3401 3395
3402 3395
3403 2673
3404 2673
3405 2673
3406 2673
3407 3409
3408 3409
3409 3413
3410 3412
3411 3412
3412 3409
3413 3414
3414 3415
3414 3416
3415 3417
3416 3417
3417 3418
3417 3419
3417 3421
3418 3420
3419 3420
3420 3422
3420 3423
3421 3420
3422 3424
3423 3424
3424 3425
3424 3426
3424 3428
3424 3429
3425 3427
3426 3427
3427 3431
3427 3432
3427 3433
3427 3434
3427 3436
3428 3430
3429 3430
3430 3427
3431 2673
3432 2673
3433 2673
3434 3435
3435 2673
3436 3437
3437 3438
3437 3439
3437 3441
3437 3442
3438 3440
3439 3440
3440 3443
3441 3440
3442 3440
3443 2673
3444 3445
3444 3446
3445 3447
3446 3447
3447 3448
3447 3449
3448 2673
3449 2673
3450 2673
3451 3452
3452 3453
3453 2673
3454 3455
3455 3456
3456 3458
3456 3459
3456 3460
3456 3461
3457 3456
3458 2673
3459 2673
3460 2673
3461 2673
3462 2673
3463 3464
3464 3465
3464 3466
3465 3467
3466 3467
3467 2673
3468 3469
3469 3470
3470 3471
3471 3472
3471 3473
3471 3475
3472 3474
3473 3474
3474 2673
3475 3474
3476 2673
3477 2673
3478 3479
3478 3480
3478 3481
3478 3482
3479 2673
3480 2673
3481 2673
3482 2673
3483 2673
3484 437
3485 437
