1005
1 2
1 4
1 8
1 14
1 15
2 3
3 5
3 6
4 3
5 7
6 7
7 23
7 24
7 26
7 27
7 28
7 30
7 34
7 41
7 42
7 43
7 44
7 45
7 46
7 48
7 49
7 56
7 58
7 60
7 61
7 62
7 63
7 64
7 65
7 67
7 68
7 69
7 71
8 9
8 10
9 11
10 11
11 12
12 13
13 16
14 13
15 13
16 17
17 18
18 19
19 20
19 21
19 22
20 7
21 7
22 7
23 25
24 25
25 107
25 108
25 113
25 146
25 147
25 150
25 151
25 154
25 155
26 25
27 25
28 29
29 31
30 29
31 32
31 33
32 25
33 25
34 35
35 36
36 37
36 38
37 39
38 39
39 40
40 25
41 25
42 25
43 25
44 25
45 47
46 47
47 25
48 50
49 50
50 51
51 52
52 53
52 54
52 55
53 25
54 25
55 25
56 57
57 88
57 89
57 90
57 95
57 97
57 98
58 59
59 57
60 57
61 57
62 57
63 57
64 66
65 66
66 82
66 84
67 66
68 70
69 70
70 72
71 70
72 73
73 74
74 75
74 76
75 77
76 77
77 78
77 79
77 80
77 81
78 66
79 66
80 66
81 66
82 83
83 85
84 83
85 86
85 87
86 57
87 57
88 25
89 25
90 91
90 92
91 93
92 93
93 94
94 25
95 96
96 99
96 100
97 96
98 96
99 101
100 101
101 102
102 103
103 104
104 105
104 106
105 25
106 25
107 109
108 109
109 110
109 112
110 111
111 193
111 194
111 198
111 199
111 203
111 204
111 215
111 216
111 217
111 218
111 219
111 228
111 230
111 231
111 232
111 234
111 235
111 236
111 238
111 239
111 240
111 242
111 243
111 247
111 248
111 250
111 251
111 252
111 253
111 254
111 255
111 259
111 261
111 262
112 111
113 114
114 115
114 116
114 145
115 117
116 117
117 118
117 119
117 121
117 122
117 123
117 124
117 126
117 127
117 128
118 120
119 120
120 129
120 133
120 135
121 120
122 120
123 120
124 125
125 120
126 125
127 125
128 120
129 130
129 131
129 132
130 111
131 111
132 111
133 134
134 136
134 138
134 139
134 140
135 134
136 137
137 141
137 144
138 137
139 137
140 137
141 142
142 143
143 111
144 111
145 111
146 111
147 148
148 149
149 111
150 111
151 152
152 153
153 162
153 167
154 153
155 156
156 157
156 160
157 158
157 159
158 153
159 153
160 161
161 153
162 163
162 165
162 166
163 164
164 168
164 175
165 164
166 164
167 164
168 169
168 170
168 172
168 173
168 174
169 171
170 171
171 176
171 177
171 179
172 171
173 171
174 171
175 171
176 178
177 178
178 180
178 182
179 178
180 181
181 183
182 181
183 184
184 185
184 192
185 186
186 187
186 188
186 189
186 190
186 191
187 111
188 111
189 111
190 111
191 111
192 111
193 195
194 195
195 196
196 197
197 205
197 206
197 208
198 200
199 200
200 201
200 202
201 197
202 197
203 197
204 197
205 207
206 207
207 209
207 210
207 212
208 207
209 211
210 211
211 213
212 211
213 214
214 310
214 319
214 336
214 337
214 339
214 352
214 354
214 355
214 356
214 357
214 358
214 359
214 360
214 363
214 367
214 369
215 214
216 214
217 214
218 214
219 220
219 221
219 222
219 224
219 225
219 226
219 227
220 214
221 214
222 223
223 214
224 214
225 214
226 214
227 214
228 229
229 214
230 214
231 214
232 233
233 214
234 233
235 214
236 237
237 214
238 214
239 214
240 241
241 244
241 246
242 241
243 241
244 245
245 214
246 214
247 249
248 249
249 214
250 214
251 214
252 214
253 214
254 214
255 256
255 257
256 258
257 258
258 260
259 258
260 268
261 263
262 263
263 264
264 265
265 266
266 267
267 260
268 269
269 270
270 271
271 272
272 273
273 274
274 275
274 281
274 284
274 285
274 287
274 290
274 291
274 292
274 293
274 298
274 299
274 305
274 306
274 308
274 309
275 276
276 277
277 278
278 279
279 280
280 294
280 295
280 296
280 297
281 282
281 283
282 280
283 280
284 286
285 286
286 288
286 289
287 286
288 280
289 280
290 280
291 280
292 280
293 280
294 214
295 214
296 214
297 214
298 214
299 300
300 301
301 302
301 303
301 304
302 214
303 214
304 214
305 307
306 307
307 214
308 307
309 307
310 311
310 312
311 313
312 313
313 314
314 315
315 316
315 318
316 317
317 320
317 321
317 326
317 335
318 317
319 317
320 322
321 322
322 323
323 324
324 325
325 375
325 376
325 391
325 392
325 393
325 394
325 395
326 327
327 328
327 329
327 331
327 332
328 330
329 330
330 333
330 334
331 330
332 330
333 325
334 325
335 325
336 338
337 338
338 341
338 342
339 340
340 338
341 343
342 343
343 344
343 350
343 351
344 345
344 346
345 325
346 347
346 349
347 348
348 325
349 325
350 325
351 325
352 353
353 370
353 371
353 372
353 373
353 374
354 353
355 353
356 353
357 353
358 353
359 361
360 361
361 362
362 353
363 364
363 365
364 366
365 366
366 353
367 368
368 353
369 368
370 325
371 325
372 325
373 325
374 325
375 377
376 377
377 378
377 379
378 380
379 380
380 381
381 382
381 389
381 390
382 383
382 384
382 386
382 387
383 385
384 385
385 398
385 433
386 388
387 388
388 385
389 385
390 385
391 385
392 385
393 385
394 396
395 396
396 397
397 385
398 399
398 401
399 400
400 402
401 400
402 403
403 404
404 405
404 431
404 432
405 406
405 407
405 409
406 408
407 408
408 411
408 413
408 414
408 415
409 410
410 408
411 412
412 416
412 423
413 412
414 412
415 412
416 417
416 418
416 420
416 421
417 419
418 419
419 422
420 419
421 419
422 424
422 425
422 427
422 428
422 429
423 422
424 426
425 426
426 430
427 426
428 426
429 426
430 445
430 446
430 448
430 449
430 450
430 477
431 430
432 430
433 434
434 435
435 436
435 437
435 439
436 438
437 438
438 440
438 441
439 438
440 442
441 442
442 443
442 444
443 430
444 430
445 447
446 447
447 546
447 547
447 552
447 557
447 558
447 560
447 561
447 563
447 564
447 567
448 447
449 447
450 451
450 452
450 453
450 461
450 462
450 463
450 464
450 465
451 447
452 447
453 454
454 455
455 456
456 457
456 458
457 459
458 459
459 460
460 466
461 460
462 460
463 460
464 460
465 460
466 467
466 469
466 470
467 468
468 471
468 472
468 473
468 474
468 475
468 476
469 468
470 468
471 447
472 447
473 447
474 447
475 447
476 447
477 478
478 479
479 480
480 481
481 482
482 483
483 484
484 485
485 486
486 487
486 488
487 489
488 489
489 490
490 491
491 492
491 496
491 497
491 499
491 500
492 493
493 494
494 495
495 502
495 503
495 510
495 511
495 526
495 531
496 498
497 498
498 495
499 498
500 501
501 495
502 504
503 504
504 505
504 507
504 508
505 506
506 532
507 509
508 509
509 506
510 506
511 512
511 516
512 513
512 514
513 515
514 515
515 517
516 515
517 518
518 519
518 521
519 520
520 522
520 525
521 520
522 523
522 524
523 506
524 506
525 506
526 527
526 529
526 530
527 528
528 506
529 506
530 506
531 506
532 533
532 534
532 536
532 537
532 538
533 535
534 535
535 539
535 540
536 535
537 535
538 535
539 541
540 541
541 542
542 543
542 544
542 545
543 447
544 447
545 447
546 548
547 548
548 549
548 550
549 551
550 551
551 553
552 551
553 554
553 555
554 556
555 556
556 606
556 609
556 610
557 559
558 559
559 572
560 562
561 562
562 568
563 562
564 565
565 566
566 562
567 562
568 569
568 570
569 571
570 571
571 559
572 573
572 574
573 575
574 575
575 576
576 577
577 578
577 579
578 580
579 580
580 581
581 582
581 583
582 584
583 584
584 585
584 587
584 592
584 593
584 594
584 595
584 596
584 597
585 586
586 588
586 589
586 591
587 586
588 590
589 590
590 598
590 605
591 590
592 590
593 590
594 590
595 590
596 590
597 590
598 599
599 600
599 601
599 602
599 604
600 556
601 556
602 603
603 556
604 603
605 556
606 607
607 608
608 611
608 612
608 618
608 619
608 620
608 621
608 622
608 623
608 626
608 627
608 717
608 718
608 720
608 721
608 727
608 737
608 738
608 748
608 749
608 751
608 752
608 753
608 754
608 755
608 761
608 772
608 773
608 777
608 778
608 790
608 792
608 793
608 794
608 795
609 608
610 608
611 613
612 613
613 614
614 615
614 616
615 617
616 617
617 668
617 670
618 617
619 617
620 617
621 617
622 624
623 624
624 625
625 617
626 628
627 628
628 629
628 632
628 640
628 641
629 630
630 631
631 635
631 636
631 638
631 639
632 633
633 634
634 631
635 637
636 637
637 650
637 651
637 652
637 653
637 664
637 666
638 637
639 637
640 642
641 642
642 643
643 644
644 645
644 646
644 649
645 647
646 647
647 648
648 637
649 648
650 617
651 617
652 617
653 654
653 655
653 662
654 656
655 656
656 657
656 658
656 660
656 661
657 659
658 659
659 617
660 617
661 617
662 663
663 617
664 665
665 667
666 665
667 617
668 669
669 671
669 674
669 679
669 680
669 682
669 684
670 669
671 672
672 673
673 675
673 677
673 678
674 673
675 676
676 695
677 676
678 676
679 681
680 681
681 683
682 681
683 685
684 683
685 686
685 688
685 689
686 687
687 690
687 693
687 694
688 687
689 687
690 691
690 692
691 676
692 676
693 676
694 676
695 696
696 697
697 698
697 704
697 706
697 707
697 708
697 711
697 712
697 714
697 715
698 699
698 702
699 700
700 701
701 703
702 701
703 716
704 705
705 709
705 710
706 705
707 705
708 705
709 703
710 703
711 713
712 713
713 703
714 713
715 703
716 825
716 827
716 828
716 840
716 841
716 844
716 845
716 846
716 847
716 848
716 849
716 853
716 854
716 855
716 857
716 858
716 859
716 861
716 862
716 863
716 864
716 868
716 870
716 871
716 872
716 873
716 874
716 876
716 975
716 976
716 977
716 978
716 980
716 981
716 982
716 986
716 987
716 992
716 993
716 994
716 996
716 997
716 998
717 719
718 719
719 722
720 719
721 719
722 723
723 724
723 725
724 726
725 726
726 728
726 729
727 726
728 730
729 730
730 731
731 732
732 733
733 734
733 735
734 736
735 736
736 739
736 747
737 736
738 736
739 740
739 741
739 746
740 742
741 742
742 743
743 744
744 745
745 765
745 766
745 769
746 745
747 745
748 750
749 750
750 745
751 745
752 745
753 745
754 745
755 756
756 757
757 758
757 759
758 760
759 760
760 745
761 762
761 764
762 763
763 745
764 763
765 767
766 767
767 768
768 716
769 770
769 771
770 716
771 716
772 774
773 774
774 775
775 776
776 779
776 782
776 783
776 784
776 785
777 776
778 776
779 780
780 781
781 786
781 787
782 781
783 781
784 781
785 781
786 788
787 788
788 789
789 716
790 791
791 797
791 798
791 799
791 800
791 801
791 803
791 804
791 805
791 812
791 816
791 817
791 819
791 824
792 791
793 791
794 791
795 796
796 791
797 716
798 716
799 716
800 716
801 802
802 806
802 807
802 809
803 802
804 802
805 802
806 808
807 808
808 810
808 811
809 808
810 716
811 716
812 813
813 814
814 815
815 716
816 818
817 818
818 820
819 818
820 821
821 822
822 823
823 716
824 716
825 826
826 829
826 831
826 832
826 833
826 839
827 826
828 826
829 830
830 834
830 836
830 837
831 830
832 830
833 830
834 835
835 838
836 835
837 835
839 838
840 842
841 842
842 843
843 877
843 893
843 898
843 902
843 904
843 905
843 906
843 907
843 911
843 913
843 915
843 939
843 940
843 942
844 843
845 843
846 843
847 843
848 843
849 850
849 851
849 852
850 843
851 843
852 843
853 843
854 843
855 856
856 843
857 843
858 860
859 860
860 843
861 843
862 843
863 865
864 865
865 866
865 867
866 843
867 843
868 869
869 843
870 869
871 869
872 843
873 875
874 875
875 843
876 875
877 878
878 879
878 880
878 882
879 881
880 881
881 883
882 881
883 884
883 885
883 887
884 886
885 886
886 888
887 886
888 889
888 890
888 892
889 891
890 891
891 946
891 947
891 949
891 950
891 963
892 891
893 894
894 895
895 896
896 897
897 891
898 899
898 900
898 901
899 891
900 891
901 891
902 903
903 891
904 891
905 891
906 908
907 908
908 909
908 910
909 891
910 891
911 912
912 916
912 917
912 920
913 914
914 912
915 912
916 918
917 918
918 919
919 921
919 925
919 926
919 927
919 928
919 929
919 931
919 932
919 934
919 935
919 936
919 937
920 919
921 922
922 923
923 924
924 891
925 891
926 891
927 891
928 930
929 930
930 891
931 930
932 933
933 891
934 891
935 891
936 938
937 938
938 891
939 941
940 941
941 943
941 944
941 945
942 941
943 891
944 891
945 891
946 948
947 948
948 951
948 953
949 948
950 948
951 952
952 954
953 952
954 955
954 956
955 957
956 957
957 958
957 959
958 960
959 960
960 961
960 962
961 838
962 838
963 964
964 965
964 969
964 970
965 966
965 968
966 967
967 971
968 967
969 967
970 967
971 972
972 973
973 974
974 838
975 838
976 838
977 979
978 979
979 838
980 838
981 983
982 983
983 984
983 985
984 838
985 838
986 838
987 988
987 989
987 990
987 991
988 838
989 838
990 838
991 838
992 838
993 995
994 995
995 999
995 1000
995 1001
995 1002
995 1003
995 1004
995 1005
996 995
997 995
998 995
999 838
1000 838
1001 838
1002 838
1003 838
1004 838
1005 838
