2999
1 2
1 4
1 5
1 68
1 76
1 81
1 82
1 134
1 135
1 298
1 369
1 370
1 372
1 373
1 374
1 375
1 379
1 381
1 382
1 383
1 390
1 391
1 393
1 394
1 396
1 414
1 415
1 417
1 465
1 468
1 469
1 477
1 478
1 514
1 515
1 958
1 962
1 963
1 987
1 988
1 990
1 991
1 992
1 993
1 1004
1 1006
1 1007
2 3
3 27
3 29
3 30
3 31
3 32
3 33
3 35
3 37
4 6
5 6
6 7
6 9
6 10
6 11
6 12
6 14
6 15
6 16
6 17
7 8
8 25
8 26
9 8
10 8
11 8
12 13
13 8
14 8
15 8
16 8
17 18
17 19
18 20
19 20
20 21
20 22
20 23
20 24
21 8
22 8
23 8
24 8
25 3
26 3
27 28
28 39
29 28
30 28
31 28
32 34
33 34
34 36
35 34
36 38
37 36
38 28
39 40
39 41
39 43
39 47
40 42
41 42
42 48
42 49
42 51
43 44
43 45
44 46
45 46
46 42
47 42
48 50
49 50
50 58
50 60
50 61
50 62
50 63
50 64
50 65
51 52
51 53
52 54
53 54
54 55
54 56
54 57
55 50
56 50
57 50
58 59
59 203
59 223
59 225
59 228
59 229
59 230
59 242
59 247
59 256
59 257
59 259
59 260
59 261
59 262
59 263
60 59
61 59
62 59
63 59
64 66
65 66
66 67
67 59
68 69
68 70
69 71
70 71
71 72
72 73
72 74
73 75
74 75
75 104
75 126
75 130
75 131
75 132
75 133
76 77
77 78
77 80
78 79
79 83
80 79
81 79
82 79
83 84
84 85
84 87
84 88
84 97
85 86
86 89
86 92
86 93
86 94
86 95
86 96
87 86
88 86
89 90
90 91
91 75
92 75
93 75
94 75
95 75
96 75
97 98
98 99
99 100
100 101
101 102
101 103
102 75
103 75
104 105
105 106
105 107
105 109
105 110
106 108
107 108
108 111
109 108
110 108
111 112
111 113
112 114
113 114
114 115
114 116
114 118
114 119
115 117
116 117
117 123
117 124
118 117
119 120
119 122
120 121
121 117
122 121
123 125
124 125
125 127
125 128
126 125
127 129
128 129
129 160
129 161
130 129
131 129
132 129
133 129
134 136
135 136
136 137
137 138
137 139
138 140
139 140
140 141
140 142
141 143
142 143
143 144
144 145
144 147
144 151
145 146
146 152
146 153
146 154
146 155
146 156
146 157
146 158
146 159
147 148
148 149
149 150
150 146
151 146
152 129
153 129
154 129
155 129
156 129
157 129
158 129
159 129
160 162
161 162
162 163
162 167
163 164
164 165
165 166
166 168
167 166
168 169
168 171
168 174
168 175
168 176
169 170
170 172
171 170
172 173
173 177
174 173
175 173
176 173
177 178
178 179
179 180
180 181
181 182
182 183
182 199
183 184
184 185
185 186
186 187
187 188
187 189
187 191
187 192
188 190
189 190
190 193
191 190
192 190
193 194
193 195
194 196
195 196
196 197
197 198
198 202
199 200
200 201
201 198
202 59
203 204
203 208
203 209
204 205
204 206
205 207
206 207
207 210
207 216
207 220
208 207
209 207
210 211
211 212
211 215
212 213
213 214
214 268
215 214
216 217
217 218
218 219
219 222
220 221
221 219
222 214
223 224
224 214
225 226
226 227
227 214
228 227
229 214
230 231
230 238
230 239
230 240
230 241
231 232
231 233
231 235
231 236
231 237
232 234
233 234
234 265
234 266
234 267
235 234
236 234
237 234
238 234
239 234
240 234
241 234
242 243
242 244
242 246
243 245
244 245
245 234
246 234
247 248
248 249
248 251
249 250
250 252
250 253
250 255
251 250
252 254
253 254
254 234
255 254
256 258
257 258
258 264
259 258
260 258
261 258
262 258
263 258
264 234
265 214
266 214
267 214
268 269
268 271
268 272
269 270
270 273
271 270
272 270
273 274
274 275
274 283
275 276
276 277
277 278
277 279
277 281
277 282
278 280
279 280
280 284
280 285
281 280
282 280
283 280
284 286
285 286
286 287
286 288
286 290
287 289
288 289
289 291
289 292
290 289
291 293
292 293
293 294
293 295
294 296
295 296
296 297
297 516
297 521
297 522
297 523
297 524
297 541
297 543
297 544
297 545
297 551
297 552
297 553
297 628
297 639
297 641
297 642
297 646
297 648
297 658
297 680
297 710
297 719
297 720
297 725
297 730
297 785
297 786
297 789
297 790
297 793
297 820
297 824
297 825
297 834
297 835
297 836
297 859
297 860
297 861
297 862
297 864
297 865
297 890
297 891
297 909
297 910
297 911
297 912
297 920
297 922
297 923
297 924
297 925
297 926
297 934
298 299
298 306
298 311
299 300
300 301
301 302
302 303
302 304
303 305
304 305
305 312
305 316
306 307
307 308
307 309
307 310
308 305
309 305
310 305
311 305
312 313
312 314
313 315
314 315
315 317
315 318
316 315
317 319
318 319
319 320
319 321
319 323
320 322
321 322
322 324
322 325
322 327
322 328
322 329
322 330
322 331
322 332
322 344
323 322
324 326
325 326
326 336
326 339
326 340
326 341
326 342
326 343
327 326
328 326
329 326
330 326
331 326
332 333
332 334
332 335
333 326
334 326
335 326
336 337
336 338
337 297
338 297
339 297
340 297
341 297
342 297
343 297
344 345
345 346
346 347
347 348
348 349
348 361
349 350
349 351
350 352
351 352
352 353
353 354
354 355
355 356
355 357
355 359
355 360
356 358
357 358
358 364
358 365
358 367
358 368
359 358
360 358
361 362
361 363
362 358
363 358
364 366
365 366
366 297
367 366
368 366
369 371
370 371
371 376
371 377
371 378
372 371
373 371
374 371
375 371
376 297
377 297
378 297
379 380
380 297
381 297
382 297
383 384
383 385
384 386
385 386
386 387
386 388
387 389
388 389
389 402
390 392
391 392
392 395
393 392
394 392
395 397
395 398
395 399
395 400
395 401
396 395
397 389
398 389
399 389
400 389
401 389
402 403
403 404
404 405
404 406
404 408
404 409
404 410
405 407
406 407
407 411
407 412
407 413
408 407
409 407
410 407
411 297
412 297
413 297
414 416
415 416
416 418
416 419
416 421
416 422
417 416
418 420
419 420
420 423
420 425
420 426
420 427
420 434
420 435
420 437
420 439
421 420
422 420
423 424
424 442
425 424
426 428
427 428
428 429
428 430
428 433
429 424
430 431
431 432
432 424
433 424
434 424
435 436
436 440
436 441
437 438
438 436
439 436
440 424
441 424
442 443
443 444
443 445
444 446
445 446
446 447
446 458
447 448
447 449
448 450
449 450
450 451
450 457
451 452
452 453
452 454
453 455
454 455
455 456
456 459
457 456
458 456
459 460
459 461
459 463
459 464
460 462
461 462
462 297
463 297
464 297
465 466
466 467
467 470
467 471
468 467
469 467
470 472
471 472
472 473
473 474
473 475
473 476
474 297
475 297
476 297
477 479
478 479
479 480
479 482
479 483
479 484
480 481
481 485
482 481
483 481
484 481
485 486
485 487
486 488
487 488
488 489
488 497
489 490
490 491
491 492
492 493
493 494
493 495
494 496
495 496
496 498
497 496
498 499
499 500
500 501
501 502
501 505
501 506
501 507
501 508
501 509
501 510
501 511
501 512
501 513
502 503
502 504
503 297
504 297
505 297
506 297
507 297
508 297
509 297
510 297
511 297
512 297
513 297
514 297
515 297
516 517
517 518
517 519
518 520
519 520
520 525
520 526
520 528
521 520
522 520
523 520
524 520
525 527
526 527
527 529
527 530
527 532
527 537
527 538
527 539
528 527
529 531
530 531
531 540
532 533
532 534
533 535
534 535
535 536
536 531
537 531
538 531
539 531
540 555
540 557
541 542
542 540
543 540
544 540
545 546
546 547
547 548
547 549
548 550
549 550
550 540
551 540
552 554
553 554
554 540
555 556
556 558
556 559
557 556
558 560
559 560
560 561
561 562
562 563
563 564
564 565
564 569
564 570
564 571
564 572
564 575
564 576
564 577
564 578
564 579
564 592
564 593
564 595
564 597
564 598
564 601
564 602
564 603
564 604
564 607
565 566
565 568
566 567
567 580
567 581
567 585
567 588
567 589
567 590
568 567
569 567
570 567
571 567
572 573
572 574
573 567
574 567
575 567
576 567
577 567
578 567
579 567
580 582
581 582
582 583
583 584
584 609
584 612
584 613
584 616
585 586
585 587
586 584
587 584
588 584
589 584
590 591
591 584
592 584
593 594
594 584
595 596
596 584
597 599
598 599
599 600
600 584
601 584
602 584
603 584
604 605
604 606
605 584
606 584
607 608
608 584
609 610
610 611
611 617
612 614
613 614
614 615
615 611
616 615
617 618
618 619
618 624
618 625
618 626
618 627
619 620
619 623
620 621
621 622
622 1999
622 2001
622 2002
622 2005
622 2008
622 2018
623 622
624 622
625 622
626 622
627 622
628 629
628 631
628 632
628 637
628 638
629 630
630 633
631 630
632 630
633 634
633 636
634 635
635 755
635 766
635 767
635 768
635 770
635 771
635 772
635 773
635 775
635 776
636 635
637 635
638 635
639 640
640 635
641 640
642 643
643 644
643 645
644 635
645 635
646 647
647 649
648 647
649 650
649 651
649 654
650 652
651 652
652 653
653 655
653 656
653 657
654 653
655 635
656 635
657 635
658 659
659 660
660 661
661 662
662 663
662 664
662 666
662 667
663 665
664 665
665 668
665 669
665 671
666 665
667 665
668 670
669 670
670 672
670 676
670 677
671 670
672 673
672 675
673 674
674 678
675 674
676 674
677 674
678 679
679 685
679 688
680 681
680 682
680 683
680 684
681 679
682 679
683 679
684 679
685 686
686 687
687 689
687 691
687 692
687 693
687 694
688 687
689 690
690 695
691 690
692 690
693 690
694 690
695 696
695 697
695 699
696 698
697 698
698 700
698 701
698 703
698 704
698 705
698 706
699 698
700 702
701 702
702 707
703 702
704 702
705 702
706 702
707 708
708 709
709 635
710 711
710 712
710 714
710 715
710 716
710 717
711 713
712 713
713 718
714 713
715 713
716 713
717 713
718 721
718 722
718 723
718 724
719 718
720 718
721 635
722 635
723 635
724 635
725 726
726 727
726 729
727 728
728 731
728 733
728 734
729 728
730 728
731 732
732 739
733 732
734 735
735 736
736 737
737 738
738 732
739 740
740 741
740 751
741 742
741 743
741 745
741 746
741 747
741 748
741 749
741 750
742 744
743 744
744 752
745 744
746 744
747 744
748 744
749 744
750 744
751 744
752 753
752 754
753 635
754 635
755 756
755 757
756 758
757 758
758 759
759 760
759 761
759 762
760 622
761 622
762 763
762 765
763 764
764 622
765 764
766 622
767 769
768 769
769 774
770 769
771 769
772 769
773 769
774 780
775 774
776 777
776 778
776 779
777 774
778 774
779 774
780 781
781 782
782 783
782 784
783 622
784 622
785 787
786 787
787 788
788 792
789 791
790 791
791 788
792 794
792 795
792 797
792 798
793 792
794 622
795 796
796 622
797 622
798 799
799 800
800 801
801 802
801 803
801 809
802 804
803 804
804 805
804 806
804 808
805 807
806 807
807 810
807 811
807 812
807 814
808 807
809 807
810 622
811 813
812 813
813 815
814 813
815 816
815 817
816 818
817 818
818 819
819 622
820 821
821 822
822 823
823 882
823 884
823 885
823 887
823 888
823 889
824 823
825 826
826 827
827 828
828 829
828 830
828 831
828 832
828 833
829 823
830 823
831 823
832 823
833 823
834 823
835 837
836 837
837 838
838 839
838 840
839 841
840 841
841 842
842 843
842 844
842 846
843 845
844 845
845 847
846 845
847 848
848 849
849 850
849 851
849 852
849 856
849 857
849 858
850 823
851 823
852 853
852 854
853 855
854 855
855 823
856 823
857 823
858 823
859 823
860 823
861 863
862 863
863 823
864 823
865 866
866 867
867 868
867 871
868 869
869 870
870 872
870 881
871 870
872 873
873 874
873 875
874 876
875 876
876 877
877 878
878 879
879 880
880 823
881 880
882 883
883 622
884 622
885 886
886 622
887 886
888 886
889 622
890 892
891 892
892 893
892 894
893 895
894 895
895 896
896 897
897 898
897 899
897 901
898 900
899 900
900 902
900 903
900 904
900 905
900 906
900 908
901 900
902 622
903 622
904 622
905 622
906 907
907 622
908 907
909 622
910 622
911 622
912 913
912 914
913 915
914 915
915 916
916 917
916 918
916 919
917 622
918 622
919 622
920 921
921 927
921 928
922 921
923 921
924 921
925 921
926 921
927 929
928 929
929 930
930 931
931 932
931 933
932 622
933 622
934 935
934 936
934 939
934 940
934 943
934 944
935 937
936 937
937 938
938 955
938 956
938 957
939 938
940 941
941 942
942 945
943 942
944 942
945 946
945 949
946 947
947 948
948 950
949 948
950 951
950 952
950 953
950 954
951 938
952 938
953 938
954 938
955 622
956 622
957 622
958 959
958 960
959 961
960 961
961 967
961 969
962 961
963 964
963 965
963 966
964 961
965 961
966 961
967 968
968 970
968 971
969 968
970 972
971 972
972 973
972 982
973 974
974 975
974 976
975 977
976 977
977 978
977 979
977 981
978 980
979 980
980 983
981 980
982 980
983 984
984 985
985 986
986 1076
986 1081
986 1082
986 1083
986 1085
986 1086
987 989
988 989
989 998
989 999
989 1000
989 1001
989 1002
989 1003
990 989
991 989
992 989
993 994
993 995
993 996
993 997
994 989
995 989
996 989
997 989
998 986
999 986
1000 986
1001 986
1002 986
1003 986
1004 1005
1005 1008
1005 1013
1005 1018
1005 1019
1005 1021
1005 1023
1005 1024
1005 1025
1005 1029
1005 1030
1005 1035
1005 1037
1005 1055
1005 1057
1005 1058
1005 1061
1005 1063
1005 1064
1005 1066
1005 1067
1005 1069
1005 1074
1006 1005
1007 1005
1008 1009
1009 1010
1010 1011
1011 1012
1012 1014
1012 1016
1012 1017
1013 1012
1014 1015
1015 986
1016 1015
1017 1015
1018 1020
1019 1020
1020 986
1021 1022
1022 986
1023 986
1024 986
1025 1026
1026 1027
1026 1028
1027 986
1028 986
1029 1031
1030 1031
1031 1032
1031 1034
1032 1033
1033 1038
1034 1033
1035 1036
1036 1033
1037 1033
1038 1039
1039 1040
1039 1041
1040 1042
1041 1042
1042 1043
1043 1044
1043 1045
1043 1054
1044 1046
1045 1046
1046 1047
1047 1048
1047 1049
1047 1051
1047 1053
1048 1050
1049 1050
1050 1052
1051 1050
1052 986
1053 986
1054 986
1055 1056
1056 1059
1056 1060
1057 1056
1058 1056
1059 986
1060 986
1061 1062
1062 986
1063 986
1064 1065
1065 986
1066 1068
1067 1068
1068 1070
1069 1068
1070 1071
1071 1072
1071 1073
1072 986
1073 986
1074 1075
1075 986
1076 1077
1077 1078
1077 1079
1078 1080
1079 1080
1080 1107
1080 1112
1080 1113
1080 1114
1080 1115
1080 1116
1080 1117
1080 1119
1080 1120
1080 1121
1080 1122
1080 1123
1081 1080
1082 1080
1083 1084
1084 1080
1085 1080
1086 1087
1087 1088
1088 1089
1088 1090
1089 1091
1090 1091
1091 1092
1092 1093
1092 1094
1092 1096
1093 1095
1094 1095
1095 1101
1096 1097
1097 1098
1098 1099
1098 1100
1099 1095
1100 1095
1101 1102
1101 1103
1102 1104
1103 1104
1104 1105
1104 1106
1105 1080
1106 1080
1107 1108
1108 1109
1108 1111
1109 1110
1110 1124
1110 1127
1110 1128
1110 1130
1110 1144
1110 1145
1110 1146
1110 1328
1110 1329
1110 1331
1110 1354
1110 1380
1110 1381
1110 1386
1110 1387
1110 1388
1110 1402
1111 1110
1112 1110
1113 1110
1114 1110
1115 1110
1116 1118
1117 1118
1118 1110
1119 1110
1120 1110
1121 1110
1122 1110
1123 1110
1124 1125
1125 1126
1126 1154
1126 1157
1126 1159
1126 1160
1126 1169
1126 1170
1126 1173
1126 1179
1126 1186
1126 1187
1126 1188
1126 1190
1126 1197
1126 1198
1126 1230
1126 1231
1126 1233
1126 1234
1126 1235
1126 1239
1126 1240
1126 1241
1126 1242
1126 1243
1126 1244
1126 1245
1126 1246
1126 1249
1126 1250
1126 1252
1126 1253
1126 1254
1127 1129
1128 1129
1129 1131
1129 1133
1129 1136
1130 1129
1131 1132
1132 1137
1133 1134
1134 1135
1135 1132
1136 1132
1137 1138
1138 1139
1138 1143
1139 1140
1140 1141
1140 1142
1141 1126
1142 1126
1143 1126
1144 1126
1145 1147
1146 1147
1147 1148
1148 1149
1148 1150
1148 1151
1148 1152
1148 1153
1149 1126
1150 1126
1151 1126
1152 1126
1153 1126
1154 1155
1155 1156
1156 1255
1156 1266
1156 1278
1156 1279
1157 1158
1158 1156
1159 1161
1160 1161
1161 1162
1162 1163
1163 1164
1164 1165
1164 1166
1165 1167
1166 1167
1167 1168
1168 1156
1169 1171
1170 1171
1171 1172
1172 1156
1173 1174
1173 1176
1174 1175
1175 1178
1176 1177
1177 1175
1178 1156
1179 1180
1179 1181
1180 1182
1181 1182
1182 1183
1182 1185
1183 1184
1184 1156
1185 1184
1186 1156
1187 1189
1188 1189
1189 1191
1190 1189
1191 1192
1191 1194
1192 1193
1193 1195
1193 1196
1194 1193
1195 1156
1196 1156
1197 1199
1198 1199
1199 1200
1200 1201
1201 1202
1201 1203
1202 1204
1203 1204
1204 1205
1204 1206
1204 1208
1204 1209
1205 1207
1206 1207
1207 1210
1207 1212
1208 1207
1209 1207
1210 1211
1211 1213
1212 1211
1213 1214
1214 1215
1214 1216
1215 1217
1216 1217
1217 1218
1218 1219
1218 1220
1218 1222
1218 1223
1218 1224
1218 1225
1219 1221
1220 1221
1221 1226
1222 1221
1223 1221
1224 1221
1225 1221
1226 1227
1226 1228
1226 1229
1227 1156
1228 1156
1229 1156
1230 1232
1231 1232
1232 1156
1233 1156
1234 1156
1235 1236
1235 1238
1236 1237
1237 1156
1238 1237
1239 1156
1240 1156
1241 1156
1242 1156
1243 1156
1244 1156
1245 1247
1246 1247
1247 1248
1248 1156
1249 1251
1250 1251
1251 1156
1252 1156
1253 1156
1254 1156
1255 1256
1256 1257
1257 1258
1258 1259
1259 1260
1260 1261
1260 1264
1260 1265
1261 1262
1262 1263
1263 1280
1263 1281
1263 1286
1263 1287
1263 1288
1263 1289
1264 1263
1265 1263
1266 1267
1266 1268
1267 1269
1268 1269
1269 1270
1270 1271
1270 1272
1270 1273
1270 1277
1271 1263
1272 1263
1273 1274
1274 1275
1274 1276
1275 1263
1276 1263
1277 1263
1278 1263
1279 1263
1280 1282
1281 1282
1282 1283
1282 1284
1283 1285
1284 1285
1285 1290
1285 1291
1285 1293
1285 1294
1285 1297
1286 1285
1287 1285
1288 1285
1289 1285
1290 1292
1291 1292
1292 1298
1292 1299
1293 1292
1294 1295
1295 1296
1296 1292
1297 1292
1298 1300
1299 1300
1300 1301
1300 1303
1301 1302
1302 1304
1302 1305
1303 1302
1304 1306
1305 1306
1306 1307
1306 1309
1307 1308
1308 1310
1308 1314
1308 1315
1308 1316
1308 1319
1308 1320
1308 1327
1309 1308
1310 1311
1310 1312
1311 1313
1312 1313
1313 1572
1313 1573
1313 1662
1313 1668
1314 1313
1315 1313
1316 1317
1316 1318
1317 1313
1318 1313
1319 1313
1320 1321
1321 1322
1322 1323
1323 1324
1324 1325
1324 1326
1325 1313
1326 1313
1327 1313
1328 1330
1329 1330
1330 1332
1330 1334
1331 1330
1332 1333
1333 1335
1333 1345
1334 1333
1335 1336
1335 1340
1335 1341
1335 1343
1336 1337
1336 1339
1337 1338
1338 1342
1339 1338
1340 1338
1341 1338
1342 1344
1343 1342
1344 1346
1344 1347
1344 1353
1345 1344
1346 1348
1347 1348
1348 1349
1349 1350
1350 1351
1351 1352
1352 1313
1353 1313
1354 1355
1355 1356
1356 1357
1356 1358
1356 1360
1356 1361
1356 1362
1356 1363
1356 1364
1356 1367
1357 1359
1358 1359
1359 1368
1359 1369
1360 1359
1361 1359
1362 1359
1363 1359
1364 1365
1364 1366
1365 1359
1366 1359
1367 1359
1368 1370
1369 1370
1370 1371
1370 1372
1370 1374
1370 1377
1370 1378
1370 1379
1371 1373
1372 1373
1373 1430
1373 1431
1373 1433
1373 1436
1374 1375
1374 1376
1375 1373
1376 1373
1377 1373
1378 1373
1379 1373
1380 1382
1381 1382
1382 1383
1382 1384
1383 1385
1384 1385
1385 1392
1385 1393
1385 1395
1386 1385
1387 1389
1388 1389
1389 1390
1389 1391
1390 1385
1391 1385
1392 1394
1393 1394
1394 1399
1394 1401
1395 1396
1396 1397
1396 1398
1397 1394
1398 1394
1399 1400
1400 1412
1400 1414
1400 1415
1400 1416
1400 1417
1400 1419
1401 1400
1402 1403
1402 1408
1403 1404
1403 1405
1404 1406
1405 1406
1406 1407
1407 1409
1407 1410
1407 1411
1408 1407
1409 1400
1410 1400
1411 1400
1412 1413
1413 1420
1413 1422
1413 1426
1413 1427
1414 1413
1415 1413
1416 1418
1417 1418
1418 1413
1419 1413
1420 1421
1421 1373
1422 1423
1422 1424
1422 1425
1423 1373
1424 1373
1425 1373
1426 1373
1427 1428
1427 1429
1428 1373
1429 1373
1430 1432
1431 1432
1432 1434
1433 1432
1434 1435
1435 1439
1435 1441
1436 1437
1437 1438
1438 1435
1439 1440
1440 1442
1440 1450
1441 1440
1442 1443
1443 1444
1444 1445
1444 1447
1444 1449
1445 1446
1446 1464
1446 1473
1446 1474
1446 1475
1446 1476
1446 1480
1447 1448
1448 1446
1449 1446
1450 1451
1450 1452
1451 1453
1452 1453
1453 1454
1453 1455
1454 1456
1455 1456
1456 1457
1456 1458
1456 1460
1456 1461
1456 1462
1456 1463
1457 1446
1458 1459
1459 1446
1460 1446
1461 1446
1462 1446
1463 1446
1464 1465
1464 1466
1465 1467
1466 1467
1467 1468
1467 1469
1467 1471
1467 1472
1468 1470
1469 1470
1470 1481
1470 1485
1470 1486
1470 1487
1471 1470
1472 1470
1473 1470
1474 1470
1475 1477
1476 1477
1477 1478
1477 1479
1478 1470
1479 1470
1480 1470
1481 1482
1482 1483
1483 1484
1484 1488
1484 1493
1484 1494
1484 1495
1484 1501
1484 1516
1484 1517
1484 1518
1484 1519
1484 1521
1484 1526
1484 1527
1484 1528
1484 1529
1484 1533
1484 1534
1484 1535
1484 1540
1484 1544
1485 1484
1486 1484
1487 1484
1488 1489
1488 1491
1488 1492
1489 1490
1490 1496
1490 1497
1490 1500
1491 1490
1492 1490
1493 1490
1494 1490
1495 1490
1496 1498
1497 1498
1498 1499
1499 1313
1500 1313
1501 1502
1502 1503
1503 1504
1503 1505
1504 1506
1505 1506
1506 1507
1506 1511
1506 1512
1507 1508
1508 1509
1509 1510
1510 1513
1511 1510
1512 1510
1513 1514
1514 1515
1515 1313
1516 1313
1517 1313
1518 1313
1519 1520
1520 1522
1520 1524
1520 1525
1521 1520
1522 1523
1523 1313
1524 1523
1525 1523
1526 1313
1527 1313
1528 1313
1529 1530
1530 1531
1530 1532
1531 1313
1532 1313
1533 1313
1534 1313
1535 1536
1536 1537
1536 1538
1537 1539
1538 1539
1539 1545
1539 1549
1539 1553
1540 1541
1541 1542
1542 1543
1543 1539
1544 1539
1545 1546
1545 1547
1546 1548
1547 1548
1548 1563
1548 1564
1548 1566
1548 1571
1549 1550
1550 1551
1550 1552
1551 1548
1552 1548
1553 1554
1553 1555
1553 1557
1553 1558
1553 1559
1554 1556
1555 1556
1556 1560
1556 1561
1556 1562
1557 1556
1558 1556
1559 1556
1560 1548
1561 1548
1562 1548
1563 1565
1564 1565
1565 1567
1565 1568
1565 1569
1565 1570
1566 1565
1567 1313
1568 1313
1569 1313
1570 1313
1571 1313
1572 1574
1573 1574
1574 1575
1574 1577
1574 1578
1575 1576
1576 1579
1576 1581
1577 1576
1578 1576
1579 1580
1580 1582
1581 1580
1582 1583
1582 1584
1582 1586
1582 1587
1583 1585
1584 1585
1585 1588
1585 1589
1585 1596
1585 1597
1585 1598
1585 1602
1585 1623
1585 1624
1585 1625
1585 1641
1585 1643
1585 1644
1585 1652
1585 1658
1585 1659
1586 1585
1587 1585
1588 1590
1589 1590
1590 1591
1590 1592
1591 1593
1592 1593
1593 1594
1594 1595
1595 1603
1595 1607
1595 1608
1595 1609
1596 1595
1597 1599
1598 1599
1599 1600
1600 1601
1601 1595
1602 1595
1603 1604
1603 1605
1604 1606
1605 1606
1606 1610
1606 1612
1606 1613
1607 1606
1608 1606
1609 1606
1610 1611
1611 1614
1611 1618
1611 1621
1611 1622
1612 1611
1613 1611
1614 1615
1615 1616
1616 1617
1617 1677
1617 1678
1617 1682
1617 1683
1617 1688
1617 1689
1617 1690
1617 1691
1617 1692
1617 1693
1617 1694
1618 1619
1618 1620
1619 1617
1620 1617
1621 1617
1622 1617
1623 1617
1624 1617
1625 1626
1626 1627
1627 1628
1628 1629
1629 1630
1630 1631
1630 1632
1631 1633
1632 1633
1633 1634
1633 1635
1634 1636
1635 1636
1636 1637
1636 1640
1637 1638
1637 1639
1638 1617
1639 1617
1640 1617
1641 1642
1642 1617
1643 1642
1644 1645
1645 1646
1645 1647
1646 1648
1647 1648
1648 1649
1648 1650
1648 1651
1649 1642
1650 1642
1651 1642
1652 1653
1653 1654
1653 1657
1654 1655
1655 1656
1656 1642
1657 1642
1658 1642
1659 1660
1659 1661
1660 1617
1661 1617
1662 1663
1663 1664
1663 1665
1663 1666
1663 1667
1664 1617
1665 1617
1666 1617
1667 1617
1668 1669
1669 1670
1669 1671
1669 1674
1669 1675
1670 1672
1671 1672
1672 1673
1673 1617
1674 1617
1675 1676
1676 1617
1677 1679
1678 1679
1679 1680
1680 1681
1681 1684
1681 1685
1681 1687
1682 1681
1683 1681
1684 1686
1685 1686
1686 1695
1686 1706
1686 1707
1686 1709
1686 1710
1686 1719
1686 1720
1686 1722
1686 1727
1686 1728
1686 1884
1686 1885
1686 1892
1686 1974
1686 1976
1686 1977
1686 1978
1686 1979
1686 1994
1687 1686
1688 1686
1689 1686
1690 1686
1691 1686
1692 1686
1693 1686
1694 1686
1695 1696
1695 1702
1695 1703
1695 1705
1696 1697
1697 1698
1698 1699
1699 1700
1700 1701
1701 1800
1701 1804
1701 1805
1701 1806
1701 1810
1701 1811
1701 1812
1701 1813
1701 1814
1701 1816
1701 1817
1701 1818
1701 1819
1701 1820
1701 1821
1701 1826
1701 1828
1701 1829
1701 1831
1701 1832
1701 1861
1701 1863
1701 1864
1701 1865
1701 1867
1701 1868
1701 1869
1701 1870
1701 1871
1701 1876
1701 1877
1701 1883
1702 1704
1703 1704
1704 1701
1705 1701
1706 1708
1707 1708
1708 1711
1709 1708
1710 1708
1711 1712
1712 1713
1712 1714
1712 1715
1712 1716
1712 1717
1712 1718
1713 1701
1714 1701
1715 1701
1716 1701
1717 1701
1718 1701
1719 1721
1720 1721
1721 1701
1722 1723
1723 1724
1724 1725
1725 1726
1726 1701
1727 1729
1728 1729
1729 1730
1729 1733
1729 1734
1729 1735
1729 1737
1729 1738
1729 1739
1729 1740
1729 1745
1729 1746
1729 1747
1729 1753
1729 1756
1729 1757
1729 1765
1730 1731
1730 1732
1731 1701
1732 1701
1733 1701
1734 1736
1735 1736
1736 1701
1737 1736
1738 1701
1739 1701
1740 1741
1741 1742
1741 1743
1742 1744
1743 1744
1744 1701
1745 1701
1746 1701
1747 1748
1748 1749
1749 1750
1750 1751
1750 1752
1751 1701
1752 1701
1753 1754
1754 1755
1755 1701
1756 1758
1757 1758
1758 1759
1758 1760
1759 1761
1760 1761
1761 1762
1762 1763
1763 1764
1764 1766
1764 1770
1764 1771
1764 1772
1764 1773
1764 1774
1764 1775
1764 1776
1764 1788
1764 1789
1764 1790
1765 1764
1766 1767
1767 1768
1768 1769
1769 1792
1769 1798
1769 1799
1770 1769
1771 1769
1772 1769
1773 1769
1774 1769
1775 1769
1776 1777
1776 1778
1776 1785
1777 1779
1778 1779
1779 1780
1779 1781
1779 1783
1779 1784
1780 1782
1781 1782
1782 1786
1782 1787
1783 1782
1784 1782
1785 1782
1786 1769
1787 1769
1788 1769
1789 1791
1790 1791
1791 1769
1792 1793
1793 1794
1793 1795
1793 1797
1794 1796
1795 1796
1796 1701
1797 1796
1798 1701
1799 1701
1800 1801
1800 1803
1801 1802
1802 622
1803 622
1804 622
1805 622
1806 1807
1807 1808
1808 1809
1809 622
1810 622
1811 622
1812 622
1813 622
1814 1815
1815 622
1816 1815
1817 1815
1818 622
1819 622
1820 1822
1821 1822
1822 1823
1822 1825
1823 1824
1824 1827
1825 1824
1826 1824
1827 622
1828 1830
1829 1830
1830 1833
1830 1834
1830 1836
1830 1837
1830 1838
1831 1830
1832 1830
1833 1835
1834 1835
1835 1839
1836 1835
1837 1835
1838 1835
1839 1840
1840 1841
1840 1842
1841 1843
1842 1843
1843 1844
1843 1850
1843 1854
1844 1845
1845 1846
1845 1847
1845 1849
1846 1848
1847 1848
1848 1851
1848 1852
1849 1848
1850 1848
1851 1853
1852 1853
1853 1855
1853 1856
1853 1859
1853 1860
1854 1853
1855 1857
1856 1857
1857 1858
1858 622
1859 622
1860 622
1861 1862
1862 622
1863 1862
1864 1866
1865 1866
1866 1862
1867 622
1868 622
1869 622
1870 622
1871 1872
1871 1875
1872 1873
1872 1874
1873 622
1874 622
1875 622
1876 1878
1877 1878
1878 1879
1878 1880
1879 1881
1880 1881
1881 1882
1882 622
1883 622
1884 1886
1885 1886
1886 1887
1887 1888
1888 1889
1888 1890
1889 1891
1890 1891
1891 1893
1891 1894
1891 1895
1891 1907
1891 1924
1891 1956
1891 1957
1891 1967
1891 1968
1891 1969
1892 1891
1893 622
1894 622
1895 1896
1896 1897
1897 1898
1897 1899
1897 1901
1897 1902
1897 1903
1897 1904
1897 1905
1897 1906
1898 1900
1899 1900
1900 622
1901 1900
1902 1900
1903 1900
1904 1900
1905 1900
1906 622
1907 1908
1908 1909
1909 1910
1909 1912
1910 1911
1911 1913
1911 1914
1911 1916
1911 1917
1912 1911
1913 1915
1914 1915
1915 1918
1916 1915
1917 1915
1918 1919
1919 1920
1920 1921
1920 1922
1921 1923
1922 1923
1923 622
1924 1925
1925 1926
1926 1927
1926 1928
1927 1929
1928 1929
1929 1930
1930 1931
1931 1932
1931 1933
1931 1935
1931 1936
1932 1934
1933 1934
1934 1937
1935 1934
1936 1934
1937 1938
1937 1940
1938 1939
1939 1941
1940 1939
1941 1942
1942 1943
1943 1944
1944 1945
1944 1948
1944 1953
1945 1946
1946 1947
1947 622
1948 1949
1948 1951
1949 1950
1950 1952
1951 1950
1952 622
1953 1954
1954 1955
1955 622
1956 1958
1957 1958
1958 1959
1958 1961
1959 1960
1960 1962
1960 1964
1960 1965
1960 1966
1961 1960
1962 1963
1963 1970
1963 1971
1963 1972
1963 1973
1964 1963
1965 1963
1966 1963
1967 1963
1968 1963
1969 1963
1970 622
1971 622
1972 622
1973 622
1974 1975
1975 622
1976 1975
1977 622
1978 622
1979 1980
1979 1981
1979 1992
1979 1993
1980 1982
1981 1982
1982 1983
1982 1987
1983 1984
1983 1985
1984 1986
1985 1986
1986 1990
1987 1988
1987 1989
1988 1986
1989 1986
1990 1991
1991 622
1992 622
1993 622
1994 1995
1995 1996
1996 1997
1997 1998
1998 622
1999 2000
2000 2019
2000 2028
2000 2029
2000 2030
2000 2031
2000 2032
2000 2036
2000 2038
2000 2040
2000 2041
2001 2003
2002 2003
2003 2004
2004 2009
2004 2010
2005 2006
2005 2007
2006 2004
2007 2004
2008 2004
2009 2011
2010 2011
2011 2012
2011 2013
2012 2014
2013 2014
2014 2015
2015 2016
2016 2017
2017 2000
2018 2000
2019 2020
2020 2021
2020 2024
2020 2025
2021 2022
2022 2023
2023 2033
2023 2034
2024 2023
2025 2026
2025 2027
2026 2023
2027 2023
2028 2023
2029 2023
2030 2023
2031 2023
2032 2023
2033 2035
2034 2035
2035 2042
2035 2052
2035 2053
2035 2054
2035 2055
2035 2056
2035 2103
2035 2110
2035 2111
2035 2112
2035 2117
2035 2120
2035 2126
2035 2127
2035 2147
2035 2148
2035 2159
2035 2161
2035 2162
2035 2163
2035 2164
2035 2199
2035 2200
2035 2456
2035 2457
2035 2459
2035 2472
2035 2717
2035 2718
2035 2720
2035 2721
2035 2725
2035 2732
2035 2733
2035 2734
2035 2735
2035 2737
2035 2738
2035 2740
2035 2779
2035 2804
2035 2805
2035 2807
2035 2808
2035 2809
2035 2811
2035 2812
2035 2814
2035 2815
2035 2817
2035 2818
2035 2819
2035 2861
2035 2862
2035 2864
2035 2865
2035 2866
2035 2868
2035 2869
2035 2870
2035 2871
2035 2872
2035 2876
2035 2877
2035 2878
2035 2879
2035 2880
2035 2881
2035 2950
2035 2952
2035 2953
2036 2037
2037 2035
2038 2039
2039 2035
2040 2035
2041 2035
2042 2043
2042 2046
2043 2044
2044 2045
2045 2047
2045 2051
2046 2045
2047 2048
2047 2049
2048 2050
2049 2050
2050 2057
2050 2064
2050 2065
2050 2081
2050 2083
2050 2084
2051 2050
2052 2050
2053 2050
2054 2050
2055 2050
2056 2050
2057 2058
2058 2059
2058 2060
2058 2062
2059 2061
2060 2061
2061 2104
2062 2063
2063 2061
2064 2066
2065 2066
2066 2067
2067 2068
2068 2069
2069 2070
2070 2071
2071 2072
2072 2073
2073 2074
2074 2075
2074 2077
2075 2076
2076 2078
2077 2076
2078 2079
2079 2080
2080 2061
2081 2082
2082 2085
2082 2087
2082 2089
2083 2082
2084 2082
2085 2086
2086 2090
2087 2088
2088 2086
2089 2088
2090 2091
2091 2092
2092 2093
2092 2095
2093 2094
2094 2096
2095 2094
2096 2097
2096 2098
2096 2100
2096 2101
2097 2099
2098 2099
2099 2102
2100 2099
2101 2099
2102 2061
2103 2061
2104 2105
2105 2106
2105 2107
2105 2109
2106 2108
2107 2108
2108 2329
2109 2108
2110 2108
2111 2108
2112 2113
2113 2114
2113 2115
2114 2116
2115 2116
2116 2118
2117 2116
2118 2119
2119 2142
2120 2121
2120 2122
2121 2123
2122 2123
2123 2124
2123 2125
2124 2119
2125 2119
2126 2128
2127 2128
2128 2129
2129 2130
2130 2131
2130 2138
2131 2132
2131 2133
2131 2135
2131 2136
2131 2137
2132 2134
2133 2134
2134 2139
2134 2141
2135 2134
2136 2134
2137 2134
2138 2134
2139 2140
2140 2119
2141 2119
2142 2143
2143 2144
2143 2146
2144 2145
2145 2108
2146 2108
2147 2149
2148 2149
2149 2150
2149 2152
2149 2153
2150 2151
2151 2154
2152 2151
2153 2151
2154 2155
2155 2156
2155 2157
2155 2158
2156 2108
2157 2108
2158 2108
2159 2160
2160 2165
2160 2173
2160 2174
2160 2191
2160 2192
2161 2160
2162 2160
2163 2160
2164 2160
2165 2166
2166 2167
2167 2168
2167 2169
2167 2171
2167 2172
2168 2170
2169 2170
2170 2193
2171 2170
2172 2170
2173 2175
2174 2175
2175 2176
2176 2177
2177 2178
2177 2179
2177 2180
2177 2181
2177 2184
2177 2188
2178 2170
2179 2170
2180 2170
2181 2182
2181 2183
2182 2170
2183 2170
2184 2185
2184 2186
2184 2187
2185 2170
2186 2170
2187 2170
2188 2189
2188 2190
2189 2170
2190 2170
2191 2170
2192 2170
2193 2194
2193 2195
2193 2197
2193 2198
2194 2196
2195 2196
2196 2204
2197 2196
2198 2196
2199 2196
2200 2201
2200 2202
2201 2203
2202 2203
2203 2196
2204 2205
2205 2206
2205 2207
2206 2208
2207 2208
2208 2209
2209 2210
2209 2211
2209 2213
2209 2214
2209 2215
2209 2216
2210 2212
2211 2212
2212 2217
2213 2212
2214 2212
2215 2212
2216 2212
2217 2218
2218 2219
2219 2220
2219 2223
2220 2221
2221 2222
2222 2224
2222 2230
2222 2231
2222 2232
2222 2233
2222 2234
2222 2236
2222 2237
2222 2238
2222 2239
2222 2297
2222 2300
2222 2307
2223 2222
2224 2225
2224 2226
2224 2228
2225 2227
2226 2227
2227 2229
2228 2227
2229 2273
2229 2274
2230 2229
2231 2229
2232 2229
2233 2235
2234 2235
2235 2240
2235 2244
2235 2247
2235 2253
2235 2254
2235 2255
2236 2235
2237 2235
2238 2235
2239 2235
2240 2241
2240 2242
2240 2243
2241 2229
2242 2229
2243 2229
2244 2245
2245 2246
2246 2251
2247 2248
2248 2249
2248 2250
2249 2246
2250 2246
2251 2252
2252 2256
2253 2252
2254 2252
2255 2252
2256 2257
2257 2258
2257 2259
2257 2261
2257 2262
2257 2269
2257 2270
2257 2272
2258 2260
2259 2260
2260 2263
2260 2264
2260 2268
2261 2260
2262 2260
2263 2265
2264 2265
2265 2266
2266 2267
2267 2229
2268 2229
2269 2271
2270 2271
2271 2229
2272 2271
2273 2275
2274 2275
2275 2276
2276 2277
2277 2278
2277 2283
2278 2279
2279 2280
2279 2281
2280 2282
2281 2282
2282 2284
2282 2285
2283 2282
2284 2286
2285 2286
2286 2287
2287 2288
2287 2289
2287 2292
2287 2293
2288 2290
2289 2290
2290 2291
2291 2294
2292 2291
2293 2291
2294 2295
2295 2296
2296 2310
2296 2311
2296 2317
2296 2323
2297 2298
2297 2299
2298 2296
2299 2296
2300 2301
2301 2302
2301 2303
2301 2305
2301 2306
2302 2304
2303 2304
2304 2308
2304 2309
2305 2304
2306 2304
2307 2304
2308 2296
2309 2296
2310 2312
2311 2312
2312 2313
2313 2314
2314 2315
2315 2316
2316 2321
2317 2318
2317 2319
2318 2320
2319 2320
2320 2316
2321 2322
2322 2325
2322 2326
2322 2327
2322 2328
2323 2324
2324 2322
2325 2108
2326 2108
2327 2108
2328 2108
2329 2330
2330 2331
2331 2332
2332 2333
2333 2334
2333 2335
2333 2337
2333 2338
2333 2339
2333 2340
2333 2341
2333 2348
2333 2349
2333 2356
2333 2365
2333 2366
2333 2416
2333 2417
2333 2419
2333 2420
2333 2421
2333 2422
2334 2336
2335 2336
2336 2428
2336 2430
2336 2431
2336 2432
2337 2336
2338 2336
2339 2336
2340 2342
2341 2342
2342 2343
2343 2344
2343 2346
2343 2347
2344 2345
2345 2388
2345 2389
2345 2391
2345 2392
2346 2345
2347 2345
2348 2345
2349 2350
2350 2351
2350 2352
2350 2353
2350 2354
2351 2345
2352 2345
2353 2355
2354 2355
2355 2345
2356 2357
2356 2358
2356 2360
2357 2359
2358 2359
2359 2361
2360 2359
2361 2362
2361 2364
2362 2363
2363 2382
2363 2387
2364 2363
2365 2367
2366 2367
2367 2368
2367 2369
2367 2376
2367 2379
2368 2370
2369 2370
2370 2371
2370 2373
2370 2374
2370 2375
2371 2372
2372 2363
2373 2363
2374 2363
2375 2363
2376 2377
2377 2378
2378 2380
2378 2381
2379 2378
2380 2363
2381 2363
2382 2383
2382 2384
2382 2386
2383 2385
2384 2385
2385 2345
2386 2385
2387 2345
2388 2390
2389 2390
2390 2393
2390 2395
2390 2396
2390 2397
2390 2398
2390 2399
2390 2400
2391 2390
2392 2390
2393 2394
2394 2408
2395 2394
2396 2394
2397 2394
2398 2394
2399 2401
2400 2401
2401 2402
2401 2404
2401 2405
2401 2406
2401 2407
2402 2403
2403 2394
2404 2403
2405 2403
2406 2403
2407 2403
2408 2409
2409 2410
2410 2411
2411 2412
2411 2413
2412 2414
2413 2414
2414 2415
2415 2336
2416 2418
2417 2418
2418 2423
2418 2424
2418 2427
2419 2418
2420 2418
2421 2418
2422 2418
2423 2425
2424 2425
2425 2426
2426 2336
2427 2336
2428 2429
2429 2433
2429 2435
2429 2437
2429 2442
2429 2444
2429 2448
2429 2455
2430 2429
2431 2429
2432 2429
2433 2434
2435 2436
2436 2438
2437 2436
2438 2439
2439 2440
2440 2441
2441 2434
2442 2443
2443 2445
2443 2447
2444 2443
2445 2446
2446 2434
2447 2434
2448 2449
2449 2450
2449 2454
2450 2451
2450 2453
2451 2452
2452 2434
2453 2434
2454 2434
2455 2434
2456 2458
2457 2458
2458 2460
2458 2463
2458 2464
2458 2471
2459 2458
2460 2461
2461 2462
2462 2486
2462 2487
2462 2489
2463 2465
2464 2465
2465 2466
2465 2470
2466 2467
2466 2468
2467 2469
2468 2469
2469 2462
2470 2462
2471 2462
2472 2473
2473 2474
2474 2475
2475 2476
2475 2478
2475 2479
2476 2477
2477 2483
2477 2485
2478 2477
2479 2480
2480 2481
2480 2482
2481 2477
2482 2477
2483 2484
2484 2462
2485 2484
2486 2488
2487 2488
2488 2490
2488 2516
2488 2518
2489 2488
2490 2491
2491 2492
2492 2493
2492 2494
2492 2496
2492 2498
2492 2499
2492 2512
2492 2513
2492 2514
2493 2495
2494 2495
2495 2497
2496 2495
2497 2506
2498 2500
2499 2500
2500 2501
2500 2502
2501 2503
2502 2503
2503 2504
2504 2505
2505 2497
2506 2507
2507 2508
2507 2510
2507 2511
2508 2509
2509 2515
2510 2509
2511 2509
2512 2509
2513 2509
2514 2509
2515 2532
2515 2534
2515 2535
2516 2517
2517 2519
2518 2517
2519 2520
2520 2521
2521 2522
2522 2523
2522 2524
2522 2526
2522 2528
2522 2529
2523 2525
2524 2525
2525 2527
2526 2525
2527 2530
2527 2531
2528 2527
2529 2527
2530 2515
2531 2515
2532 2533
2533 2536
2533 2537
2533 2539
2533 2541
2534 2533
2535 2533
2536 2538
2537 2538
2538 2542
2539 2540
2540 2538
2541 2538
2542 2543
2542 2549
2542 2550
2542 2553
2542 2554
2542 2564
2542 2565
2542 2567
2542 2568
2542 2569
2542 2570
2542 2589
2542 2613
2542 2615
2542 2616
2542 2621
2542 2622
2542 2624
2542 2627
2542 2628
2542 2635
2542 2652
2542 2653
2542 2654
2543 2544
2543 2546
2543 2548
2544 2545
2545 2434
2546 2547
2547 2545
2548 2545
2549 2551
2550 2551
2551 2552
2552 2545
2553 2545
2554 2555
2554 2559
2554 2560
2555 2556
2555 2558
2556 2557
2557 2562
2558 2557
2559 2561
2560 2561
2561 2557
2562 2563
2563 2545
2564 2566
2565 2566
2566 2571
2566 2572
2566 2573
2566 2579
2566 2580
2566 2582
2566 2583
2566 2584
2566 2585
2566 2586
2566 2587
2567 2566
2568 2566
2569 2566
2570 2566
2571 2545
2572 2545
2573 2574
2574 2575
2574 2578
2575 2576
2576 2577
2577 2545
2578 2577
2579 2581
2580 2581
2581 2577
2582 2581
2583 2577
2584 2577
2585 2577
2586 2577
2587 2588
2588 2577
2589 2590
2590 2591
2590 2592
2591 2593
2592 2593
2593 2594
2594 2595
2594 2597
2594 2598
2595 2596
2596 2599
2597 2596
2598 2596
2599 2600
2600 2601
2600 2602
2600 2608
2601 2603
2602 2603
2603 2604
2603 2605
2604 2606
2605 2606
2606 2607
2607 2609
2608 2607
2609 2610
2609 2611
2609 2612
2610 2434
2611 2434
2612 2434
2613 2614
2614 2655
2614 2706
2614 2707
2614 2711
2614 2714
2614 2715
2614 2716
2615 2617
2616 2617
2617 2618
2617 2619
2617 2620
2618 2614
2619 2614
2620 2614
2621 2623
2622 2623
2623 2636
2623 2637
2623 2638
2624 2625
2625 2626
2626 2633
2626 2634
2627 2629
2628 2629
2629 2630
2629 2631
2629 2632
2630 2626
2631 2626
2632 2626
2633 2623
2634 2623
2635 2623
2636 2614
2637 2614
2638 2639
2638 2640
2639 2641
2640 2641
2641 2642
2642 2643
2642 2644
2642 2647
2643 2645
2644 2645
2645 2646
2646 2648
2646 2649
2646 2651
2647 2646
2648 2650
2649 2650
2650 2614
2651 2650
2652 2614
2653 2614
2654 2614
2655 2656
2655 2658
2655 2660
2655 2661
2655 2665
2655 2682
2655 2686
2655 2689
2655 2690
2655 2692
2655 2693
2655 2694
2655 2695
2655 2696
2655 2697
2655 2701
2655 2703
2656 2657
2657 2659
2658 2657
2659 2662
2659 2663
2660 2659
2661 2659
2662 2664
2663 2664
2664 2667
2664 2677
2664 2678
2664 2681
2665 2666
2666 2664
2667 2668
2667 2669
2668 2670
2669 2670
2670 2671
2670 2674
2670 2675
2670 2676
2671 2672
2671 2673
2672 2434
2673 2434
2674 2434
2675 2434
2676 2434
2677 2679
2678 2679
2679 2680
2680 2434
2681 2434
2682 2683
2682 2684
2683 2685
2684 2685
2685 2434
2686 2687
2687 2688
2688 2691
2689 2688
2690 2688
2691 2434
2692 2434
2693 2434
2694 2434
2695 2434
2696 2434
2697 2698
2698 2699
2699 2700
2700 2434
2701 2702
2702 2704
2702 2705
2703 2702
2704 2434
2705 2434
2706 2708
2707 2708
2708 2709
2709 2710
2710 2434
2711 2712
2711 2713
2712 2434
2713 2434
2714 2434
2715 2434
2716 2434
2717 2719
2718 2719
2719 2722
2719 2723
2720 2719
2721 2719
2722 2724
2723 2724
2724 2726
2725 2724
2726 2727
2727 2728
2728 2729
2729 2730
2729 2731
2730 2434
2731 2434
2732 2434
2733 2434
2734 2736
2735 2736
2736 2741
2737 2739
2738 2739
2739 2736
2740 2736
2741 2742
2741 2744
2741 2745
2741 2746
2741 2747
2741 2748
2741 2749
2742 2743
2743 2750
2743 2766
2743 2773
2743 2774
2744 2743
2745 2743
2746 2743
2747 2743
2748 2743
2749 2743
2750 2751
2750 2752
2751 2753
2752 2753
2753 2754
2754 2755
2755 2756
2755 2757
2755 2759
2755 2760
2755 2761
2755 2762
2756 2758
2757 2758
2758 2821
2758 2822
2758 2828
2758 2829
2758 2830
2758 2835
2758 2836
2758 2837
2758 2838
2758 2839
2758 2840
2758 2842
2758 2843
2758 2844
2758 2846
2758 2847
2758 2850
2758 2853
2758 2854
2758 2860
2759 2758
2760 2758
2761 2763
2762 2763
2763 2764
2763 2765
2764 2758
2765 2758
2766 2767
2767 2768
2768 2769
2769 2770
2770 2771
2770 2772
2771 2758
2772 2758
2773 2758
2774 2775
2775 2776
2776 2777
2776 2778
2777 2758
2778 2758
2779 2780
2780 2781
2781 2782
2782 2783
2782 2784
2782 2786
2782 2787
2783 2785
2784 2785
2785 2758
2786 2785
2787 2788
2788 2789
2789 2790
2790 2791
2791 2792
2791 2793
2792 2794
2793 2794
2794 2795
2795 2796
2795 2797
2795 2799
2795 2800
2796 2798
2797 2798
2798 2801
2799 2798
2800 2798
2801 2802
2801 2803
2802 2785
2803 2785
2804 2806
2805 2806
2806 2813
2807 2806
2808 2810
2809 2810
2810 2806
2811 2810
2812 2806
2813 2758
2814 2816
2815 2816
2816 2758
2817 2816
2818 2816
2819 2820
2820 2758
2821 2823
2822 2823
2823 2824
2824 2825
2824 2826
2824 2827
2825 2434
2826 2434
2827 2434
2828 2434
2829 2434
2830 2831
2831 2832
2831 2833
2832 2834
2833 2834
2834 2845
2835 2834
2836 2834
2837 2834
2838 2834
2839 2834
2840 2841
2841 2834
2842 2834
2843 2834
2844 2834
2845 2434
2846 2848
2847 2848
2848 2849
2849 2851
2849 2852
2850 2849
2851 2434
2852 2434
2853 2855
2854 2855
2855 2856
2855 2857
2855 2859
2856 2858
2857 2858
2858 2434
2859 2858
2860 2434
2861 2863
2862 2863
2863 2434
2864 2863
2865 2867
2866 2867
2867 2434
2868 2867
2869 2434
2870 2434
2871 2434
2872 2873
2872 2874
2873 2875
2874 2875
2875 2434
2876 2434
2877 2434
2878 2434
2879 2434
2880 2434
2881 2882
2882 2883
2882 2889
2883 2884
2884 2885
2884 2888
2885 2886
2886 2887
2887 2890
2887 2915
2887 2916
2887 2926
2888 2887
2889 2887
2890 2891
2891 2892
2891 2913
2892 2893
2893 2894
2893 2899
2894 2895
2895 2896
2896 2897
2897 2898
2898 2900
2898 2901
2898 2903
2898 2904
2899 2898
2900 2902
2901 2902
2902 2905
2902 2906
2902 2908
2902 2909
2903 2902
2904 2902
2905 2907
2906 2907
2907 2910
2907 2911
2908 2907
2909 2907
2910 2912
2911 2912
2912 2914
2913 2912
2914 2434
2915 2917
2916 2917
2917 2918
2917 2919
2917 2925
2918 2920
2919 2920
2920 2921
2921 2922
2921 2923
2922 2924
2923 2924
2924 2434
2925 2434
2926 2927
2927 2928
2928 2929
2928 2930
2928 2932
2928 2933
2928 2936
2928 2937
2928 2938
2928 2942
2928 2943
2928 2944
2929 2931
2930 2931
2931 2947
2932 2934
2933 2934
2934 2935
2935 2931
2936 2931
2937 2931
2938 2939
2938 2940
2939 2941
2940 2941
2941 2945
2941 2946
2942 2941
2943 2941
2944 2941
2945 2931
2946 2931
2947 2948
2947 2949
2948 2434
2949 2434
2950 2951
2951 2954
2952 2951
2953 2951
2954 2955
2955 2956
2956 2957
2956 2959
2956 2960
2957 2958
2958 2961
2959 2958
2960 2958
2961 2962
2962 2963
2962 2964
2962 2966
2963 2965
2964 2965
2965 2967
2966 2965
2967 2968
2968 2969
2969 2970
2969 2971
2970 2972
2971 2972
2972 2973
2973 2974
2974 2975
2975 2976
2975 2978
2975 2985
2975 2988
2976 2977
2977 2979
2977 2980
2977 2982
2978 2977
2979 2981
2980 2981
2981 2991
2981 2992
2981 2994
2981 2999
2982 2983
2982 2984
2983 2981
2984 2981
2985 2986
2986 2987
2987 2981
2988 2989
2988 2990
2989 2981
2990 2981
2991 2993
2992 2993
2993 2995
2994 2993
2995 2996
2996 2997
2996 2998
2997 2434
2998 2434
2999 2434
