2011
1 2
1 116
1 117
1 123
1 127
1 129
1 130
1 140
1 184
1 203
1 204
1 206
1 218
1 219
1 221
1 223
1 224
1 230
1 362
1 401
1 407
1 497
1 499
1 502
1 508
1 527
1 528
1 530
1 536
1 537
1 539
1 548
1 549
1 550
1 551
1 555
1 557
1 558
1 559
1 574
1 575
1 576
1 577
1 1028
1 1032
1 1154
1 1157
1 1159
1 1160
1 1161
1 1163
2 3
2 6
2 7
2 8
2 9
3 4
4 5
5 11
6 5
7 5
8 5
9 10
10 5
11 12
11 13
11 15
11 21
12 14
13 14
14 16
14 17
15 14
16 18
17 18
18 19
19 20
20 24
20 26
21 22
21 23
22 20
23 20
24 25
25 27
25 28
26 25
27 29
28 29
29 30
29 31
30 32
31 32
32 33
32 35
32 36
32 37
32 38
32 39
32 40
32 41
32 52
32 53
33 34
34 42
34 43
35 34
36 34
37 34
38 34
39 34
40 34
41 34
42 44
43 44
44 45
45 46
45 49
45 50
45 51
46 47
47 48
48 54
48 63
49 48
50 48
51 48
52 48
53 48
54 55
54 57
54 59
55 56
56 58
57 56
58 60
58 61
59 58
60 62
61 62
62 64
63 62
64 65
65 66
66 67
67 68
67 69
68 70
69 70
70 71
71 72
72 73
72 74
73 75
74 75
75 76
76 77
76 78
76 80
76 81
77 79
78 79
79 82
79 85
80 79
81 79
82 83
83 84
84 105
85 86
86 87
87 88
88 89
89 90
89 91
89 93
89 94
90 92
91 92
92 97
92 99
92 100
93 95
94 95
95 96
96 92
97 98
98 84
99 84
100 101
100 102
100 103
100 104
101 84
102 84
103 84
104 84
105 106
105 107
105 115
106 108
107 108
108 109
108 113
108 114
109 110
109 111
110 112
111 112
112 623
112 624
112 633
112 634
112 636
112 637
112 638
112 906
112 912
112 913
112 915
112 921
112 922
112 923
112 924
112 928
113 112
114 112
115 112
116 118
117 118
118 119
118 122
119 120
120 121
121 124
122 121
123 121
124 125
124 126
125 112
126 112
127 128
128 131
129 128
130 128
131 132
132 133
132 134
133 135
134 135
135 136
135 137
135 139
136 138
137 138
138 141
138 142
138 153
139 138
140 138
141 143
142 143
143 144
144 145
145 146
145 148
145 149
145 150
146 147
147 154
147 166
147 167
147 168
147 169
147 170
147 171
148 147
149 147
150 151
150 152
151 147
152 147
153 147
154 155
155 156
155 157
155 159
155 160
156 158
157 158
158 172
158 173
158 175
158 176
159 161
160 161
161 162
161 163
161 164
161 165
162 158
163 158
164 158
165 158
166 158
167 158
168 158
169 158
170 158
171 158
172 174
173 174
174 177
174 178
175 174
176 174
177 179
178 179
179 180
180 181
181 182
181 183
182 112
183 112
184 185
185 186
185 187
185 189
186 188
187 188
188 190
188 191
188 192
188 193
188 194
188 195
188 196
188 198
189 188
190 112
191 112
192 112
193 112
194 112
195 112
196 197
197 112
198 199
199 200
200 201
200 202
201 112
202 112
203 205
204 205
205 231
205 255
205 256
205 257
205 259
205 270
205 271
205 273
205 274
205 276
205 277
205 278
205 279
205 280
205 282
205 283
205 284
206 207
206 208
207 209
208 209
209 210
209 212
210 211
211 213
211 215
211 216
211 217
212 211
213 214
214 205
215 214
216 205
217 205
218 220
219 220
220 222
221 220
222 205
223 225
224 225
225 226
225 227
225 228
225 229
226 205
227 205
228 205
229 205
230 205
231 232
231 233
231 235
232 234
233 234
234 236
234 237
234 239
234 240
234 241
234 248
235 234
236 238
237 238
238 242
238 247
239 238
240 238
241 238
242 243
243 244
243 246
244 245
245 249
246 245
247 245
248 245
249 250
250 251
250 252
250 254
251 253
252 253
253 285
253 287
253 292
253 293
253 299
253 335
253 336
253 350
253 351
253 352
253 353
253 354
253 355
253 356
253 357
254 253
255 253
256 258
257 258
258 253
259 260
259 269
260 261
260 266
260 267
260 268
261 262
262 263
262 264
262 265
263 253
264 253
265 253
266 253
267 253
268 253
269 253
270 253
271 272
272 253
273 253
274 275
275 253
276 275
277 253
278 253
279 281
280 281
281 253
282 281
283 253
284 253
285 286
286 300
286 304
286 305
287 288
288 289
289 290
290 291
291 297
291 298
292 291
293 294
294 295
294 296
295 291
296 291
297 286
298 286
299 286
300 301
300 302
301 303
302 303
303 306
303 307
303 309
304 303
305 303
306 308
307 308
308 310
309 308
310 311
310 312
311 313
312 313
313 314
313 316
313 317
313 319
314 315
315 321
315 332
315 333
316 315
317 318
318 315
319 320
320 315
321 322
322 323
323 324
323 325
323 327
323 328
323 329
323 330
323 331
324 326
325 326
326 334
327 326
328 326
329 326
330 326
331 326
332 326
333 326
334 496
335 337
336 337
337 338
337 339
338 340
339 340
340 341
340 342
341 343
342 343
343 344
343 345
344 346
345 346
346 347
346 348
346 349
347 334
348 334
349 334
350 334
351 334
352 334
353 334
354 334
355 334
356 334
357 358
358 359
358 360
359 361
360 361
361 334
362 363
362 364
362 366
362 367
362 371
362 372
363 365
364 365
365 374
365 376
366 368
367 368
368 369
368 370
369 365
370 365
371 365
372 373
373 365
374 375
375 377
376 375
377 378
378 379
378 384
378 386
378 387
378 388
378 389
378 390
378 391
378 393
378 394
378 396
379 380
379 381
380 382
381 382
382 383
383 466
383 470
383 478
383 479
383 480
383 481
383 482
383 483
383 484
383 485
383 486
383 487
383 488
383 489
383 490
383 491
383 495
384 385
385 383
386 383
387 383
388 383
389 383
390 392
391 392
392 397
392 398
393 392
394 395
395 392
396 392
397 399
398 399
399 400
400 383
401 402
401 403
401 405
401 406
402 404
403 404
404 408
404 415
404 416
404 418
404 423
404 424
405 404
406 404
407 404
408 409
409 410
410 411
411 412
412 413
413 414
414 425
414 426
414 428
414 441
414 442
415 417
416 417
417 414
418 419
419 420
420 421
421 422
422 417
423 414
424 414
425 427
426 427
427 458
427 460
427 461
427 462
428 429
428 437
428 438
428 439
428 440
429 430
430 431
430 433
431 432
432 434
432 435
433 432
434 436
435 436
436 427
437 427
438 427
439 427
440 427
441 443
442 443
443 444
444 445
445 446
446 447
447 448
448 449
448 451
448 457
449 450
450 452
451 450
452 453
452 454
453 455
454 455
455 456
456 427
457 427
458 459
459 383
460 383
461 383
462 463
463 464
464 465
465 383
466 467
467 468
468 469
469 334
470 471
471 472
471 473
471 477
472 474
473 474
474 475
475 476
476 334
477 334
478 334
479 334
480 334
481 334
482 334
483 334
484 334
485 334
486 334
487 334
488 334
489 334
490 334
491 492
491 493
492 494
493 494
494 334
495 334
496 112
497 498
498 500
499 498
500 501
501 578
501 580
501 582
502 503
503 504
504 505
504 507
505 506
506 501
507 501
508 509
509 510
509 512
509 513
509 514
510 511
511 515
512 511
513 511
514 511
515 516
515 520
516 517
516 518
517 519
518 519
519 521
520 519
521 522
522 523
522 524
523 525
524 525
525 526
526 501
527 529
528 529
529 531
529 534
530 529
531 532
532 533
533 535
534 533
535 543
536 538
537 538
538 541
539 540
540 538
541 542
542 535
543 544
544 545
544 546
544 547
545 501
546 501
547 501
548 501
549 501
550 552
551 552
552 553
553 554
554 501
555 556
556 560
556 566
557 556
558 556
559 556
560 561
560 564
560 565
561 562
562 563
563 569
564 563
565 563
566 567
566 568
567 563
568 563
569 570
570 571
570 573
571 572
572 501
573 572
574 501
575 501
576 501
577 501
578 579
579 583
579 584
580 581
581 579
582 581
583 585
584 585
585 586
586 587
586 589
587 588
588 590
589 588
590 591
591 592
592 593
592 594
593 595
594 595
595 596
596 597
597 598
598 599
598 600
598 602
598 603
598 604
598 606
598 607
599 601
600 601
601 609
601 611
601 622
602 601
603 605
604 605
605 601
606 601
607 608
608 601
609 610
610 616
611 612
611 613
611 615
612 614
613 614
614 610
615 610
616 617
616 618
616 620
616 621
617 619
618 619
619 112
620 112
621 112
622 112
623 625
624 625
625 626
625 627
626 628
627 628
628 629
629 630
630 631
631 632
632 639
632 651
632 656
632 658
632 660
632 663
632 664
632 665
632 669
632 670
632 686
632 690
632 691
632 747
632 755
632 756
632 757
632 758
632 759
632 760
632 761
632 763
632 801
632 802
632 803
632 805
632 806
632 807
632 808
632 809
632 810
632 812
632 827
632 830
633 635
634 635
635 632
636 635
637 635
638 632
639 640
640 641
640 642
641 643
642 643
643 644
644 645
644 646
644 649
644 650
645 647
646 647
647 648
648 892
649 648
650 648
651 652
651 653
652 654
653 654
654 655
655 648
656 657
657 661
658 659
659 657
660 659
661 662
662 648
663 648
664 648
665 666
666 667
667 668
668 671
668 674
668 675
669 668
670 668
671 672
672 673
673 676
674 673
675 673
676 677
677 678
678 679
678 680
679 681
680 681
681 682
681 684
682 683
683 685
684 683
685 648
686 687
687 688
688 689
689 695
689 697
689 698
689 702
689 703
689 704
689 705
689 728
689 732
690 692
691 692
692 693
693 694
694 689
695 696
696 699
696 701
697 696
698 696
699 700
700 706
701 700
702 700
703 700
704 700
705 700
706 707
707 708
707 709
707 711
708 710
709 710
710 712
710 713
710 715
711 710
712 714
713 714
714 716
714 717
714 723
714 724
715 714
716 718
717 718
718 719
718 720
718 722
719 721
720 721
721 733
721 735
721 737
721 739
722 721
723 725
724 725
725 726
726 727
727 721
728 729
729 730
729 731
730 721
731 721
732 721
733 734
734 648
735 736
736 740
736 741
736 743
736 744
737 738
738 736
739 736
740 742
741 742
742 745
742 746
743 742
744 742
745 648
746 648
747 748
747 749
748 750
749 750
750 751
750 752
751 753
752 753
753 754
754 764
754 766
754 769
754 770
754 771
754 772
754 775
754 776
755 754
756 754
757 754
758 754
759 754
760 762
761 762
762 754
763 754
764 765
765 777
765 779
765 780
765 781
765 782
766 767
766 768
767 765
768 765
769 765
770 765
771 765
772 773
772 774
773 765
774 765
775 765
776 765
777 778
778 784
778 785
778 787
778 788
779 778
780 778
781 778
782 783
783 778
784 786
785 786
786 789
786 790
786 792
786 793
786 795
787 786
788 786
789 791
790 791
791 838
791 839
791 841
791 842
792 794
793 794
794 796
794 797
794 799
794 800
795 794
796 798
797 798
798 791
799 798
800 798
801 791
802 791
803 804
804 791
805 804
806 804
807 804
808 791
809 811
810 811
811 813
811 816
811 817
812 811
813 814
814 815
815 818
815 819
816 815
817 815
818 820
819 820
820 821
820 822
820 824
820 826
821 823
822 823
823 825
824 823
825 828
825 829
826 825
827 825
828 791
829 791
830 831
830 832
831 833
832 833
833 834
834 835
835 836
835 837
836 791
837 791
838 840
839 840
840 843
840 855
840 856
840 858
840 859
840 860
841 840
842 840
843 844
843 846
844 845
845 852
846 847
846 851
847 848
847 849
848 850
849 850
850 845
851 845
852 853
853 854
854 861
855 857
856 857
857 854
858 854
859 854
860 854
861 862
862 863
862 865
862 866
862 867
863 864
864 868
865 864
866 864
867 864
868 869
868 870
868 872
868 873
868 874
868 875
869 871
870 871
871 876
871 878
871 879
871 880
871 881
871 882
871 886
872 871
873 871
874 871
875 871
876 877
877 648
878 877
879 877
880 877
881 877
882 883
882 884
883 885
884 885
885 887
885 888
885 889
885 890
885 891
886 885
887 877
888 877
889 877
890 877
891 877
892 893
893 894
893 895
893 902
893 903
893 904
893 905
894 896
895 896
896 897
896 900
896 901
897 898
898 899
899 986
899 1002
899 1003
899 1004
899 1005
899 1006
899 1008
899 1010
899 1012
899 1013
900 899
901 899
902 899
903 899
904 899
905 899
906 907
907 908
908 909
908 911
909 910
910 962
910 963
910 965
911 910
912 910
913 914
914 916
914 917
914 920
915 914
916 918
917 918
918 919
919 929
920 919
921 919
922 919
923 919
924 925
924 926
925 927
926 927
927 919
928 919
929 930
929 935
929 936
929 937
929 938
929 940
929 946
929 947
929 948
930 931
931 932
932 933
932 934
933 910
934 910
935 910
936 910
937 939
938 939
939 941
939 942
939 944
939 945
940 939
941 943
942 943
943 949
943 961
944 943
945 943
946 943
947 943
948 943
949 950
949 958
950 951
950 952
951 953
952 953
953 954
954 955
954 956
955 957
956 957
957 959
957 960
958 957
959 910
960 910
961 910
962 964
963 964
964 966
964 967
965 964
966 968
967 968
968 969
969 970
969 971
970 972
971 972
972 973
972 974
973 975
974 975
975 976
976 977
977 978
977 979
978 980
979 980
980 981
980 985
981 982
981 983
982 984
983 984
984 899
985 899
986 987
987 988
988 989
988 992
989 990
990 991
991 993
991 994
991 996
992 991
993 995
994 995
995 997
996 995
997 998
997 999
998 1000
999 1000
1000 1001
1001 1216
1001 1231
1001 1232
1001 1234
1001 1236
1001 1237
1001 1241
1001 1242
1001 1244
1001 1266
1001 1267
1001 1269
1001 1270
1001 1271
1001 1273
1001 1275
1001 1276
1001 1283
1001 1301
1001 1501
1001 1502
1001 1503
1001 1504
1001 1509
1001 1510
1001 1547
1001 1583
1001 1587
1001 1594
1002 1001
1003 1001
1004 1001
1005 1001
1006 1007
1007 1009
1008 1007
1009 1014
1009 1015
1010 1011
1011 1009
1012 1009
1013 1009
1014 1016
1015 1016
1016 1017
1016 1020
1016 1021
1017 1018
1018 1019
1019 1022
1020 1019
1021 1019
1022 1023
1022 1025
1022 1026
1022 1027
1023 1024
1024 1001
1025 1024
1026 1024
1027 1024
1028 1029
1028 1030
1029 1031
1030 1031
1031 1033
1031 1034
1032 1031
1033 1035
1034 1035
1035 1036
1035 1037
1035 1039
1036 1038
1037 1038
1038 1040
1038 1042
1038 1043
1038 1044
1038 1045
1038 1048
1038 1049
1038 1052
1038 1056
1038 1057
1038 1058
1038 1060
1038 1106
1038 1107
1038 1109
1038 1112
1038 1113
1039 1038
1040 1041
1041 1061
1041 1063
1041 1066
1041 1067
1041 1071
1041 1072
1041 1076
1041 1077
1041 1079
1041 1080
1041 1081
1041 1089
1041 1093
1041 1094
1041 1096
1041 1097
1041 1103
1041 1104
1042 1041
1043 1041
1044 1041
1045 1046
1045 1047
1046 1041
1047 1041
1048 1041
1049 1050
1049 1051
1050 1041
1051 1041
1052 1053
1052 1054
1052 1055
1053 1041
1054 1041
1055 1041
1056 1041
1057 1041
1058 1059
1059 1041
1060 1041
1061 1062
1062 1127
1062 1128
1062 1130
1062 1131
1062 1132
1062 1133
1062 1136
1063 1064
1063 1065
1064 1062
1065 1062
1066 1062
1067 1068
1067 1069
1068 1070
1069 1070
1070 1062
1071 1073
1072 1073
1073 1074
1073 1075
1074 1062
1075 1062
1076 1078
1077 1078
1078 1085
1078 1087
1078 1088
1079 1078
1080 1082
1081 1082
1082 1083
1083 1084
1084 1078
1085 1086
1086 1062
1087 1062
1088 1062
1089 1090
1090 1091
1090 1092
1091 1062
1092 1062
1093 1062
1094 1095
1095 1098
1095 1100
1096 1095
1097 1095
1098 1099
1099 1101
1100 1099
1101 1102
1102 1105
1103 1102
1104 1102
1105 1062
1106 1108
1107 1108
1108 1110
1108 1111
1109 1108
1110 1062
1111 1062
1112 1114
1113 1114
1114 1115
1114 1117
1114 1118
1114 1119
1114 1123
1114 1125
1114 1126
1115 1116
1116 1062
1117 1062
1118 1062
1119 1120
1120 1121
1120 1122
1121 1062
1122 1062
1123 1124
1124 1062
1125 1062
1126 1062
1127 1129
1128 1129
1129 1137
1129 1139
1129 1140
1129 1141
1129 1142
1129 1143
1129 1144
1129 1153
1130 1129
1131 1129
1132 1129
1133 1134
1133 1135
1134 1129
1135 1129
1136 1129
1137 1138
1138 1146
1138 1148
1138 1149
1139 1138
1140 1138
1141 1138
1142 1138
1143 1138
1144 1145
1145 1138
1146 1147
1147 1151
1147 1152
1148 1147
1149 1150
1150 1147
1151 1001
1152 1001
1153 1001
1154 1155
1155 1156
1156 1174
1156 1176
1156 1177
1156 1178
1156 1195
1156 1204
1157 1158
1158 1162
1159 1158
1160 1158
1161 1158
1162 1156
1163 1164
1164 1165
1164 1171
1164 1172
1164 1173
1165 1166
1166 1167
1166 1169
1166 1170
1167 1168
1168 1156
1169 1156
1170 1156
1171 1156
1172 1156
1173 1156
1174 1175
1175 1179
1175 1180
1176 1175
1177 1175
1178 1175
1179 1181
1180 1181
1181 1182
1181 1184
1181 1194
1182 1183
1183 1185
1183 1186
1183 1188
1184 1183
1185 1187
1186 1187
1187 1189
1187 1193
1188 1187
1189 1190
1190 1191
1191 1192
1192 1196
1192 1197
1192 1198
1192 1199
1192 1200
1192 1201
1192 1202
1192 1203
1193 1192
1194 1192
1195 1192
1196 1001
1197 1001
1198 1001
1199 1001
1200 1001
1201 1001
1202 1001
1203 1001
1204 1205
1204 1206
1204 1208
1205 1207
1206 1207
1207 1209
1207 1213
1207 1215
1208 1207
1209 1210
1210 1211
1211 1212
1212 1001
1213 1214
1214 1212
1215 1212
1216 1217
1217 1218
1218 1219
1218 1222
1219 1220
1220 1221
1221 1225
1221 1226
1222 1223
1223 1224
1224 1221
1225 1227
1226 1227
1227 1228
1227 1229
1228 1230
1229 1230
1230 1771
1230 1773
1230 1774
1230 1775
1230 1776
1230 1778
1230 1788
1230 1789
1230 1798
1230 1799
1231 1233
1232 1233
1233 1235
1234 1233
1235 1243
1236 1238
1237 1238
1238 1239
1238 1240
1239 1235
1240 1235
1241 1235
1242 1235
1243 1248
1243 1249
1244 1245
1244 1246
1245 1247
1246 1247
1247 1243
1248 1250
1249 1250
1250 1251
1251 1252
1251 1253
1251 1255
1252 1254
1253 1254
1254 1256
1254 1257
1254 1258
1254 1259
1254 1260
1254 1261
1254 1262
1254 1263
1255 1254
1256 1230
1257 1230
1258 1230
1259 1230
1260 1230
1261 1230
1262 1230
1263 1264
1264 1265
1265 1230
1266 1268
1267 1268
1268 1272
1269 1268
1270 1268
1271 1268
1272 1307
1272 1325
1273 1274
1274 1272
1275 1277
1276 1277
1277 1278
1278 1279
1278 1281
1279 1280
1280 1282
1281 1280
1282 1303
1282 1306
1283 1284
1284 1285
1285 1286
1286 1287
1286 1288
1287 1289
1288 1289
1289 1290
1290 1291
1291 1292
1292 1293
1292 1297
1292 1298
1293 1294
1293 1295
1294 1296
1295 1296
1296 1299
1296 1300
1297 1296
1298 1296
1299 1282
1300 1282
1301 1302
1302 1282
1303 1304
1303 1305
1304 1272
1305 1272
1306 1272
1307 1308
1307 1317
1308 1309
1309 1310
1309 1311
1310 1312
1311 1312
1312 1313
1313 1314
1314 1315
1315 1316
1316 1318
1317 1316
1318 1319
1318 1320
1318 1322
1319 1321
1320 1321
1321 1326
1321 1338
1321 1339
1321 1340
1322 1323
1322 1324
1323 1321
1324 1321
1325 1321
1326 1327
1327 1328
1328 1329
1328 1330
1328 1332
1328 1334
1328 1335
1329 1331
1330 1331
1331 1333
1332 1331
1333 1336
1334 1333
1335 1333
1336 1337
1337 1341
1338 1337
1339 1337
1340 1337
1341 1342
1341 1429
1342 1343
1342 1347
1342 1348
1343 1344
1343 1345
1344 1346
1345 1346
1346 1349
1347 1346
1348 1346
1349 1350
1350 1351
1350 1353
1350 1355
1350 1357
1350 1358
1350 1360
1350 1364
1350 1373
1350 1378
1350 1379
1350 1382
1350 1392
1350 1424
1350 1425
1350 1426
1350 1427
1350 1428
1351 1352
1352 1230
1353 1354
1354 1230
1355 1356
1356 1230
1357 1359
1358 1359
1359 1361
1359 1362
1360 1359
1361 1363
1362 1363
1363 1365
1363 1367
1364 1363
1365 1366
1366 1368
1367 1366
1368 1369
1368 1370
1368 1371
1368 1372
1369 1230
1370 1230
1371 1230
1372 1230
1373 1374
1374 1375
1375 1376
1376 1377
1377 1395
1378 1380
1379 1380
1380 1381
1381 1383
1381 1386
1381 1387
1381 1388
1382 1381
1383 1384
1383 1385
1384 1377
1385 1377
1386 1377
1387 1377
1388 1389
1389 1390
1389 1391
1390 1377
1391 1377
1392 1393
1393 1394
1394 1377
1395 1396
1396 1397
1397 1398
1398 1399
1399 1400
1399 1402
1400 1401
1401 1403
1401 1404
1401 1406
1401 1407
1402 1401
1403 1405
1404 1405
1405 1408
1405 1410
1405 1411
1405 1413
1405 1414
1406 1405
1407 1405
1408 1409
1409 1418
1409 1419
1409 1421
1409 1423
1410 1412
1411 1412
1412 1415
1412 1416
1413 1412
1414 1412
1415 1417
1416 1417
1417 1409
1418 1420
1419 1420
1420 1422
1421 1420
1422 1230
1423 1230
1424 1230
1425 1230
1426 1230
1427 1230
1428 1230
1429 1430
1430 1431
1430 1432
1430 1434
1431 1433
1432 1433
1433 1435
1433 1436
1433 1438
1433 1441
1433 1442
1433 1444
1433 1446
1434 1433
1435 1437
1436 1437
1437 1439
1438 1437
1439 1440
1440 1447
1440 1448
1440 1450
1440 1455
1440 1456
1440 1458
1440 1459
1440 1461
1440 1462
1440 1464
1440 1465
1440 1466
1440 1470
1440 1471
1440 1472
1441 1443
1442 1443
1443 1445
1444 1443
1445 1440
1446 1440
1447 1449
1448 1449
1449 1467
1449 1468
1450 1451
1451 1452
1451 1453
1452 1454
1453 1454
1454 1449
1455 1457
1456 1457
1457 1460
1458 1457
1459 1457
1460 1449
1461 1463
1462 1463
1463 1449
1464 1463
1465 1463
1466 1449
1467 1469
1468 1469
1469 1480
1469 1484
1469 1485
1469 1489
1469 1491
1469 1492
1469 1493
1470 1469
1471 1469
1472 1473
1472 1474
1473 1475
1474 1475
1475 1476
1475 1477
1475 1478
1475 1479
1476 1469
1477 1469
1478 1469
1479 1469
1480 1481
1480 1482
1481 1483
1482 1483
1483 1486
1483 1487
1484 1483
1485 1483
1486 1488
1487 1488
1488 1230
1489 1490
1490 1494
1490 1496
1490 1497
1491 1490
1492 1490
1493 1490
1494 1495
1495 1498
1495 1499
1495 1500
1496 1495
1497 1495
1498 1230
1499 1230
1500 1230
1501 1230
1502 1230
1503 1505
1504 1505
1505 1506
1505 1507
1506 1508
1507 1508
1508 1511
1508 1512
1508 1514
1509 1508
1510 1508
1511 1513
1512 1513
1513 1515
1513 1516
1513 1517
1513 1523
1513 1524
1513 1525
1513 1533
1513 1534
1513 1540
1513 1542
1513 1543
1513 1544
1513 1545
1513 1546
1514 1513
1515 1230
1516 1230
1517 1518
1517 1519
1518 1520
1519 1520
1520 1521
1520 1522
1521 1230
1522 1230
1523 1230
1524 1230
1525 1526
1526 1527
1527 1528
1528 1529
1528 1530
1528 1531
1528 1532
1529 1230
1530 1230
1531 1230
1532 1230
1533 1535
1534 1535
1535 1536
1535 1537
1535 1538
1535 1539
1536 1230
1537 1230
1538 1230
1539 1230
1540 1541
1541 1230
1542 1230
1543 1230
1544 1230
1545 1230
1546 1230
1547 1548
1547 1553
1547 1561
1548 1549
1549 1550
1549 1551
1550 1552
1551 1552
1552 1554
1553 1552
1554 1555
1554 1556
1555 1557
1556 1557
1557 1558
1558 1559
1559 1560
1560 1575
1560 1576
1560 1579
1560 1582
1561 1562
1562 1563
1562 1564
1562 1566
1562 1567
1563 1565
1564 1565
1565 1568
1565 1570
1565 1571
1565 1572
1565 1573
1565 1574
1566 1565
1567 1565
1568 1569
1569 1560
1570 1560
1571 1560
1572 1560
1573 1560
1574 1560
1575 1577
1576 1577
1577 1578
1578 1580
1579 1578
1580 1581
1581 1595
1581 1599
1582 1581
1583 1584
1584 1585
1585 1586
1586 1588
1586 1589
1587 1586
1588 1590
1589 1590
1590 1591
1591 1592
1592 1593
1593 1581
1594 1581
1595 1596
1595 1597
1596 1598
1597 1598
1598 1600
1599 1598
1600 1601
1601 1602
1601 1609
1601 1610
1602 1603
1602 1605
1602 1606
1603 1604
1604 1607
1605 1604
1606 1604
1607 1608
1608 1611
1608 1617
1608 1619
1608 1622
1608 1623
1608 1625
1608 1628
1608 1649
1608 1653
1608 1664
1608 1665
1608 1667
1608 1668
1608 1669
1608 1671
1608 1672
1608 1673
1608 1675
1608 1676
1608 1677
1608 1678
1608 1699
1608 1705
1608 1706
1608 1709
1608 1710
1608 1711
1608 1717
1608 1718
1608 1720
1608 1721
1608 1722
1608 1723
1608 1724
1608 1758
1608 1759
1608 1768
1608 1769
1608 1770
1609 1608
1610 1608
1611 1612
1612 1613
1612 1616
1613 1614
1614 1615
1615 1618
1616 1615
1617 1615
1618 1230
1619 1620
1620 1621
1621 1658
1621 1659
1621 1661
1621 1662
1622 1624
1623 1624
1624 1627
1625 1626
1626 1624
1627 1636
1627 1639
1627 1640
1627 1641
1628 1629
1628 1630
1629 1631
1630 1631
1631 1632
1631 1634
1631 1635
1632 1633
1633 1627
1634 1633
1635 1633
1636 1637
1637 1638
1638 1642
1639 1638
1640 1638
1641 1638
1642 1643
1643 1644
1643 1645
1644 1646
1645 1646
1646 1647
1647 1648
1648 1621
1649 1650
1649 1651
1650 1652
1651 1652
1652 1654
1652 1655
1653 1652
1654 1621
1655 1656
1656 1657
1657 1621
1658 1660
1659 1660
1660 1230
1661 1660
1662 1663
1663 1660
1664 1666
1665 1666
1666 1727
1666 1729
1666 1730
1666 1736
1666 1737
1666 1738
1666 1739
1667 1666
1668 1666
1669 1670
1670 1666
1671 1666
1672 1674
1673 1674
1674 1679
1674 1680
1675 1674
1676 1674
1677 1674
1678 1674
1679 1681
1680 1681
1681 1682
1681 1688
1681 1689
1681 1690
1682 1683
1682 1685
1682 1686
1682 1687
1683 1684
1684 1691
1684 1694
1685 1684
1686 1684
1687 1684
1688 1684
1689 1684
1690 1684
1691 1692
1692 1693
1693 1695
1693 1696
1694 1693
1695 1697
1696 1697
1697 1698
1698 1712
1698 1713
1698 1714
1698 1715
1698 1716
1699 1700
1700 1701
1700 1703
1701 1702
1702 1704
1703 1702
1704 1707
1704 1708
1705 1704
1706 1704
1707 1698
1708 1698
1709 1698
1710 1698
1711 1698
1712 1666
1713 1666
1714 1666
1715 1666
1716 1666
1717 1719
1718 1719
1719 1725
1719 1726
1720 1719
1721 1719
1722 1719
1723 1719
1724 1719
1725 1666
1726 1666
1727 1728
1728 1744
1728 1745
1729 1731
1730 1731
1731 1732
1731 1734
1731 1735
1732 1733
1733 1728
1734 1733
1735 1728
1736 1728
1737 1728
1738 1728
1739 1740
1740 1741
1741 1742
1741 1743
1742 1728
1743 1728
1744 1746
1745 1746
1746 1747
1746 1750
1746 1751
1746 1753
1747 1748
1748 1749
1749 1755
1749 1756
1749 1757
1750 1749
1751 1752
1752 1754
1753 1752
1754 1749
1755 1230
1756 1230
1757 1230
1758 1760
1759 1760
1760 1761
1761 1762
1761 1763
1761 1764
1761 1767
1762 1230
1763 1230
1764 1765
1764 1766
1765 1230
1766 1230
1767 1230
1768 1230
1769 1230
1770 1230
1771 1772
1772 1801
1772 1803
1772 1804
1772 1807
1772 1808
1772 1811
1772 1812
1773 1772
1774 1772
1775 1777
1776 1777
1777 1779
1777 1782
1778 1777
1779 1780
1780 1781
1781 1783
1781 1784
1781 1785
1781 1786
1781 1787
1782 1781
1783 1772
1784 1772
1785 1772
1786 1772
1787 1772
1788 1790
1789 1790
1790 1791
1790 1792
1791 1793
1792 1793
1793 1794
1793 1797
1794 1795
1795 1796
1796 1772
1797 1772
1798 1772
1799 1800
1800 1772
1801 1802
1802 1805
1803 1802
1804 1802
1805 1806
1806 1885
1806 1886
1806 1888
1806 1902
1806 1903
1807 1809
1808 1809
1809 1810
1810 1813
1810 1815
1810 1816
1810 1817
1810 1820
1810 1822
1810 1827
1811 1810
1812 1810
1813 1814
1814 1839
1814 1843
1814 1845
1814 1846
1814 1847
1815 1814
1816 1814
1817 1818
1818 1819
1819 1814
1820 1821
1821 1824
1821 1826
1822 1823
1823 1821
1824 1825
1825 1836
1825 1837
1826 1825
1827 1828
1828 1829
1828 1830
1828 1831
1828 1832
1828 1833
1828 1834
1828 1835
1829 1825
1830 1825
1831 1825
1832 1825
1833 1825
1834 1825
1835 1825
1836 1838
1837 1838
1838 1814
1839 1840
1839 1842
1840 1841
1841 1860
1841 1861
1841 1864
1841 1877
1841 1878
1841 1879
1842 1841
1843 1844
1844 1848
1844 1849
1845 1844
1846 1844
1847 1844
1848 1850
1849 1850
1850 1851
1851 1852
1852 1853
1853 1854
1853 1855
1853 1856
1853 1857
1853 1858
1853 1859
1854 1841
1855 1841
1856 1841
1857 1841
1858 1841
1859 1841
1860 1862
1861 1862
1862 1863
1863 1880
1864 1865
1865 1866
1866 1867
1867 1868
1867 1869
1868 1870
1869 1870
1870 1871
1870 1876
1871 1872
1872 1873
1873 1874
1874 1875
1875 1863
1876 1875
1877 1863
1878 1863
1879 1863
1880 1881
1881 1882
1882 1883
1882 1884
1883 1806
1884 1806
1885 1887
1886 1887
1887 1889
1887 1890
1887 1892
1888 1887
1889 1891
1890 1891
1891 1893
1891 1894
1892 1891
1893 1895
1894 1895
1895 1896
1895 1897
1895 1900
1896 1898
1897 1898
1898 1899
1899 1907
1899 1909
1899 1910
1899 1911
1900 1901
1901 1899
1902 1904
1903 1904
1904 1905
1904 1906
1905 1899
1906 1899
1907 1908
1908 1912
1908 1913
1908 1915
1908 1916
1908 1917
1908 1918
1908 1919
1908 1920
1908 1921
1909 1908
1910 1908
1911 1908
1912 1914
1913 1914
1914 1922
1914 1924
1914 1925
1914 1926
1914 1927
1914 1962
1914 1963
1914 1964
1914 1966
1914 1968
1914 1969
1914 1970
1914 1971
1915 1914
1916 1914
1917 1914
1918 1914
1919 1914
1920 1914
1921 1914
1922 1923
1923 1928
1923 1929
1923 1931
1923 1932
1923 1933
1923 1941
1923 1942
1923 1943
1923 1945
1924 1923
1925 1923
1926 1923
1927 1923
1928 1930
1929 1930
1930 1934
1930 1935
1931 1930
1932 1930
1933 1930
1934 1936
1935 1936
1936 1937
1937 1938
1938 1939
1939 1940
1940 1948
1940 1950
1940 1952
1940 1953
1940 1954
1941 1940
1942 1940
1943 1944
1944 1946
1944 1947
1945 1944
1946 1940
1947 1940
1948 1949
1949 1951
1950 1949
1951 1972
1951 1974
1951 1979
1951 1980
1951 1982
1951 1983
1952 1951
1953 1951
1954 1955
1955 1956
1955 1958
1955 1960
1955 1961
1956 1957
1957 1959
1958 1957
1959 1951
1960 1951
1961 1951
1962 1951
1963 1965
1964 1965
1965 1967
1966 1965
1967 1951
1968 1951
1969 1951
1970 1951
1971 1951
1972 1973
1973 1975
1973 1976
1974 1973
1975 1977
1976 1977
1977 1978
1978 1991
1978 1992
1978 1994
1978 1998
1978 2001
1978 2002
1978 2003
1978 2004
1978 2005
1978 2006
1979 1981
1980 1981
1981 1984
1981 1985
1982 1981
1983 1981
1984 1986
1985 1986
1986 1987
1987 1988
1987 1989
1988 1990
1989 1990
1990 1978
1991 1993
1992 1993
1994 1995
1994 1996
1995 1997
1996 1997
1997 1993
1998 1999
1998 2000
1999 1993
2000 1993
2001 1993
2002 1993
2003 1993
2004 1993
2005 1993
2006 2007
2006 2008
2007 2009
2008 2009
2009 2010
2010 2011
2011 1993
