501
1 2
1 7
1 8
1 9
1 10
1 32
1 36
1 37
1 38
1 39
1 40
1 41
1 42
1 43
1 44
1 45
1 47
1 59
1 91
1 130
1 131
1 132
1 133
1 134
1 155
2 3
3 4
3 5
4 6
5 6
6 183
6 184
6 190
6 191
6 192
6 194
6 195
6 196
6 198
6 204
6 211
7 6
8 6
9 6
10 11
11 12
11 13
12 14
13 14
14 15
14 16
15 17
16 17
17 18
17 25
17 26
17 28
17 29
17 31
18 19
18 20
19 21
20 21
21 22
22 23
23 24
24 6
25 27
26 27
27 6
28 30
29 30
30 6
31 6
32 33
33 34
34 35
35 6
36 6
37 6
38 6
39 6
40 6
41 6
42 6
43 6
44 6
45 46
46 50
47 48
48 49
49 46
50 51
51 52
51 53
52 54
53 54
54 55
55 56
55 57
56 58
57 58
58 60
58 62
58 63
58 64
58 79
58 81
58 82
59 58
60 61
61 65
61 68
61 69
61 70
61 71
61 72
61 73
61 76
61 77
62 61
63 61
64 61
65 66
66 67
67 78
68 67
69 67
70 67
71 67
72 67
73 74
73 75
74 67
75 67
76 67
77 67
78 138
78 142
78 147
79 80
80 83
80 87
80 88
80 89
80 90
81 80
82 80
83 84
83 85
84 86
85 86
86 78
87 86
88 86
89 86
90 86
91 92
92 93
92 95
92 96
92 111
92 112
92 114
92 115
93 94
94 101
94 102
94 104
94 105
95 94
96 97
97 98
98 99
98 100
99 94
100 94
101 103
102 103
103 106
103 110
104 103
105 103
106 107
106 108
106 109
107 78
108 78
109 78
110 78
111 113
112 113
113 116
113 119
113 125
113 129
114 113
115 113
116 117
116 118
117 78
118 78
119 120
119 121
119 123
119 124
120 122
121 122
122 78
123 122
124 122
125 126
126 127
127 128
128 78
129 78
130 78
131 78
132 78
133 135
134 135
135 136
135 137
136 78
137 78
138 139
139 140
140 141
141 6
142 143
143 144
144 145
144 146
145 6
146 6
147 148
148 149
148 151
149 150
150 152
151 150
152 153
153 154
154 6
155 156
156 157
157 158
157 159
158 160
159 160
160 161
161 162
162 163
163 164
163 166
163 169
163 170
163 171
163 172
163 173
163 175
163 176
163 177
163 179
163 180
164 165
165 167
165 168
166 165
167 6
168 6
169 6
170 6
171 6
172 6
173 174
174 178
175 174
176 174
177 174
178 6
179 6
180 181
180 182
181 6
182 6
183 185
184 185
185 186
186 187
186 188
187 189
188 189
189 215
189 218
189 225
190 189
191 189
192 193
193 189
194 189
195 197
196 197
197 199
197 201
197 202
198 197
199 200
200 205
201 203
202 203
203 200
204 200
205 206
206 207
207 208
208 209
208 210
209 189
210 189
211 212
212 213
212 214
213 189
214 189
215 216
216 217
217 219
217 220
218 217
219 221
220 221
221 222
222 223
223 224
224 242
224 243
224 245
224 246
224 247
225 226
225 228
225 229
225 230
225 233
226 227
227 234
227 235
227 237
227 238
228 227
229 227
230 231
230 232
231 227
232 227
233 227
234 236
235 236
236 239
237 236
238 236
239 240
239 241
240 224
241 224
242 244
243 244
244 248
244 249
244 251
244 262
244 263
245 244
246 244
247 244
248 250
249 250
250 272
251 252
251 259
252 253
252 254
252 256
252 258
253 255
254 255
255 260
256 257
257 255
258 255
259 255
260 261
261 250
262 264
263 264
264 265
264 267
264 268
265 266
266 250
267 250
268 269
269 270
270 271
271 250
272 273
272 274
273 275
274 275
275 276
276 277
276 278
276 284
276 285
276 286
277 279
278 279
279 280
279 283
280 281
281 282
282 287
283 282
284 282
285 282
286 282
287 288
287 321
287 324
287 328
287 413
287 415
287 416
287 422
287 427
287 428
287 430
288 289
288 291
289 290
290 292
291 290
292 293
292 297
293 294
294 295
295 296
296 300
297 298
297 299
298 296
299 296
300 301
300 309
300 310
300 311
300 313
300 316
300 319
300 320
301 302
301 308
302 303
302 307
303 304
303 305
304 306
305 306
307 306
308 306
309 306
310 312
311 312
312 314
312 315
313 312
314 306
315 306
316 317
317 318
318 306
319 306
320 306
321 322
322 323
323 329
323 331
323 332
323 333
323 334
323 335
324 325
324 327
325 326
326 323
327 326
328 323
329 330
330 336
330 337
330 339
330 340
331 330
332 330
333 330
334 330
335 330
336 338
337 338
338 343
338 344
339 341
340 341
341 342
342 338
343 345
344 345
345 346
345 349
345 350
345 351
345 352
346 347
347 348
348 353
348 354
349 348
350 348
351 348
352 348
353 355
354 355
355 356
356 357
356 359
356 366
356 367
356 368
357 358
358 369
358 370
358 372
358 373
358 376
358 377
358 378
358 390
358 393
358 394
358 398
358 399
358 401
358 402
358 403
359 360
360 361
361 362
362 363
363 364
363 365
364 358
365 358
366 358
367 358
368 358
369 371
370 371
371 374
372 371
373 371
374 375
375 409
375 412
376 375
377 375
378 379
378 380
378 381
378 382
378 383
378 384
378 388
378 389
379 375
380 375
381 375
382 375
383 375
384 385
385 386
385 387
386 375
387 375
388 375
389 375
390 391
390 392
391 375
392 375
393 375
394 395
394 396
395 397
396 397
397 404
397 408
398 400
399 400
400 397
401 397
402 397
403 397
404 405
404 406
404 407
405 375
406 375
407 375
408 375
409 410
409 411
410 306
411 306
412 306
413 414
414 417
415 414
416 414
417 418
417 419
417 421
418 420
419 420
420 464
420 465
420 472
420 473
420 474
420 475
420 476
420 489
421 420
422 423
423 424
424 425
425 426
426 436
426 437
426 440
427 429
428 429
429 431
429 434
429 435
430 429
431 432
431 433
432 426
433 426
434 426
435 426
436 438
437 438
438 439
439 441
439 442
439 443
439 444
439 448
439 449
439 450
439 454
439 456
439 457
439 458
439 462
439 463
440 439
441 420
442 420
443 420
444 445
445 446
445 447
446 420
447 420
448 420
449 451
450 451
451 452
451 453
452 420
453 420
454 455
455 420
456 455
457 420
458 459
459 460
459 461
460 420
461 420
462 420
463 420
464 466
465 466
466 467
467 468
467 470
467 471
468 469
469 490
469 491
469 493
469 494
469 495
469 496
469 498
470 469
471 469
472 469
473 469
474 469
475 469
476 477
476 478
477 479
478 479
479 480
480 481
480 482
481 483
482 483
483 484
484 485
485 486
486 487
487 488
488 469
489 469
490 492
491 492
492 306
493 492
494 492
495 497
496 497
497 306
498 499
499 500
500 501
501 306
