504
1 220
1 221
2 1
3 1
4 208
4 209
5 209
5 210
6 210
6 211
7 211
7 212
8 212
8 213
9 213
9 214
10 214
10 215
11 215
11 216
12 216
12 217
13 217
13 218
14 218
14 219
15 219
15 220
16 221
16 222
17 222
17 223
18 223
18 224
19 224
19 225
20 225
20 226
21 226
21 227
22 227
22 228
23 228
23 229
24 229
24 230
25 230
25 231
26 231
26 232
27 232
27 233
28 233
28 234
29 234
29 235
30 235
30 236
31 236
31 237
32 237
32 238
33 238
33 239
34 239
34 240
35 240
35 241
36 241
36 242
37 242
37 243
38 243
38 244
39 244
39 245
40 245
40 246
41 246
41 247
42 247
42 248
43 248
43 249
44 249
44 250
45 250
45 251
46 251
46 252
47 252
47 253
48 253
48 254
49 254
49 255
50 255
50 256
51 256
51 257
52 257
52 258
53 258
53 259
54 259
54 260
55 260
55 261
56 261
56 262
57 262
57 263
58 263
58 264
59 264
59 265
60 265
60 266
61 266
61 267
62 267
62 268
63 268
63 269
64 269
64 270
65 270
65 271
66 271
66 272
67 272
67 273
68 273
68 274
69 274
69 275
70 275
70 276
71 276
71 277
72 277
72 278
73 278
73 279
74 279
74 280
75 280
75 281
76 281
76 282
77 282
77 283
78 283
78 284
79 284
79 285
80 285
80 286
81 286
81 287
82 287
82 288
83 288
83 289
84 289
84 290
85 290
85 291
86 291
86 292
87 292
87 293
88 293
88 294
89 294
89 295
90 295
90 296
91 296
91 297
92 297
92 298
93 298
93 299
94 299
94 300
95 300
95 301
96 301
96 302
97 302
97 303
98 303
98 304
99 304
99 305
100 305
100 306
101 306
101 307
102 307
102 308
103 308
103 309
104 309
104 310
105 310
105 311
106 311
106 312
107 312
107 313
108 313
108 314
109 314
109 315
110 315
110 316
111 316
111 317
112 317
112 318
113 318
113 319
114 319
114 320
115 320
115 321
116 321
116 322
117 322
117 323
118 323
118 324
119 324
119 325
120 325
120 326
121 326
121 327
122 327
122 328
123 328
123 329
124 329
124 330
125 330
125 331
126 331
126 332
127 332
127 333
128 333
128 334
129 334
129 335
130 335
130 336
131 336
131 337
132 337
132 338
133 338
133 339
134 339
134 340
135 340
135 341
136 341
136 342
137 342
137 343
138 343
138 344
139 344
139 345
140 345
140 346
141 346
141 347
142 347
142 348
143 348
143 349
144 349
144 350
145 350
145 351
146 351
146 352
147 352
147 353
148 353
148 354
149 354
149 355
150 355
150 356
151 356
151 357
152 357
152 358
153 358
153 359
154 359
154 360
155 360
155 361
156 361
156 362
157 362
157 363
158 363
158 364
159 364
159 365
160 365
160 366
161 366
161 367
162 367
162 368
163 368
163 369
164 369
164 370
165 370
165 371
166 371
166 372
167 372
167 373
168 373
168 374
169 374
169 375
170 375
170 376
171 376
171 377
172 377
172 378
173 378
173 379
174 379
174 380
175 380
175 381
176 381
176 382
177 382
177 383
178 383
178 384
179 384
179 385
180 385
180 386
181 386
181 387
182 387
182 388
183 388
183 389
184 389
184 390
185 390
185 391
186 391
186 392
187 392
187 393
188 393
188 394
189 394
189 395
190 395
190 396
191 396
191 397
192 397
192 398
193 398
193 399
194 399
194 400
195 400
195 401
196 401
196 402
197 402
197 403
198 403
198 404
199 404
199 405
200 405
200 406
201 406
201 407
202 407
202 408
203 408
203 409
204 409
204 410
205 410
205 411
206 411
206 412
207 412
215 417
221 445
221 446
225 415
225 416
227 417
230 417
230 418
233 447
233 445
234 418
235 413
236 414
237 416
238 503
241 416
251 415
253 413
258 416
263 486
264 418
266 414
268 417
275 415
280 413
284 417
304 415
305 414
307 442
307 443
313 415
317 418
327 416
342 418
345 416
351 414
353 418
358 485
365 482
366 417
371 472
371 473
374 413
392 414
392 415
395 431
395 432
395 433
395 434
395 435
400 416
400 417
403 468
403 469
404 415
419 413
420 413
421 413
422 413
422 414
423 414
424 414
425 415
426 416
427 417
428 418
429 418
430 435
430 436
430 437
430 438
430 439
438 440
438 441
440 476
440 477
442 474
442 475
444 446
444 447
445 448
449 448
450 464
450 465
451 465
451 466
452 466
452 467
453 467
453 468
454 469
454 470
455 470
455 471
456 471
456 472
457 473
457 474
458 475
458 476
459 477
459 478
460 478
460 479
461 479
461 480
462 480
462 481
463 481
463 482
466 485
469 483
484 483
487 485
488 485
489 485
490 485
491 485
492 485
493 485
494 485
494 486
495 486
496 486
497 486
498 486
499 486
500 486
501 486
502 486
504 503
